v 480
Track0
00 FF 51 04 92 FF 00 C0 66 1E B0 07 78 1E 0A 40 
1E 5B 00 0A FF 2E 00 FF 00 90 24 7F 81 43 81 4D 
31 7F 1A 24 26 7F 81 45 81 4F 31 7F 17 21 28 7F 
81 28 81 32 31 7F 35 3F 2A 7F 81 08 81 12 2F 7F 
47 51 2C 7F 81 35 81 3F 31 7F 33 3D 32 7F 81 0C 
81 16 2F 7F 49 53 28 7F 7C 81 06 31 7F 6A 74 32 
7F 81 08 81 12 33 7F 50 5A FF 2D 03 03 00 00 00 
59 01 FF 2F 

Track1
00 00 00 44 00 00 00 00 00 00 00 00 00 00 00 00 
00 00 00 00 00 00 00 00 00 00 00 00 00 00 00 00 
00 00 00 00 00 00 00 00 00 00 00 00 00 00 00 00 
00 00 00 00 00 00 00 00 00 00 00 00 00 00 00 00 
00 00 01 E0 00 FF 51 04 92 FF 00 C0 66 1E B0 07 
78 1E 0A 40 1E 5B 00 0A FF 2E 00 FF 00 90 24 7F 
81 43 81 4D 31 7F 1A 24 26 7F 81 45 81 4F 31 7F 
17 21 28 7F 81 28 81 32 31 7F 35 3F 2A 7F 81 08 
81 12 2F 7F 47 51 2C 7F 81 35 81 3F 31 7F 33 3D 
32 7F 81 0C 81 16 2F 7F 49 53 28 7F 7C 81 06 31 
7F 6A 74 32 7F 81 08 81 12 33 7F 50 5A FF 2D 03 
03 00 00 00 59 01 FF 2F 

Track2
00 00 00 44 00 00 00 00 00 00 00 00 00 00 00 00 
00 00 00 00 00 00 00 00 00 00 00 00 00 00 00 00 
00 00 00 00 00 00 00 00 00 00 00 00 00 00 00 00 
00 00 00 00 00 00 00 00 00 00 00 00 00 00 00 00 
00 00 01 E0 00 FF 51 04 92 FF 00 C0 66 1E B0 07 
78 1E 0A 40 1E 5B 00 0A FF 2E 00 FF 00 90 24 7F 
81 43 81 4D 31 7F 1A 24 26 7F 81 45 81 4F 31 7F 
17 21 28 7F 81 28 81 32 31 7F 35 3F 2A 7F 81 08 
81 12 2F 7F 47 51 2C 7F 81 35 81 3F 31 7F 33 3D 
32 7F 81 0C 81 16 2F 7F 49 53 28 7F 7C 81 06 31 
7F 6A 74 32 7F 81 08 81 12 33 7F 50 5A FF 2D 03 
03 00 00 00 59 01 FF 2F 

Track3
00 00 00 44 00 00 00 00 00 00 00 00 00 00 00 00 
00 00 00 00 00 00 00 00 00 00 00 00 00 00 00 00 
00 00 00 00 00 00 00 00 00 00 00 00 00 00 00 00 
00 00 00 00 00 00 00 00 00 00 00 00 00 00 00 00 
00 00 01 E0 00 FF 51 04 92 FF 00 C0 66 1E B0 07 
78 1E 0A 40 1E 5B 00 0A FF 2E 00 FF 00 90 24 7F 
81 43 81 4D 31 7F 1A 24 26 7F 81 45 81 4F 31 7F 
17 21 28 7F 81 28 81 32 31 7F 35 3F 2A 7F 81 08 
81 12 2F 7F 47 51 2C 7F 81 35 81 3F 31 7F 33 3D 
32 7F 81 0C 81 16 2F 7F 49 53 28 7F 7C 81 06 31 
7F 6A 74 32 7F 81 08 81 12 33 7F 50 5A FF 2D 03 
03 00 00 00 59 01 FF 2F 

Track4
00 00 00 44 00 00 00 00 00 00 00 00 00 00 00 00 
00 00 00 00 00 00 00 00 00 00 00 00 00 00 00 00 
00 00 00 00 00 00 00 00 00 00 00 00 00 00 00 00 
00 00 00 00 00 00 00 00 00 00 00 00 00 00 00 00 
00 00 01 E0 00 FF 51 04 92 FF 00 C0 66 1E B0 07 
78 1E 0A 40 1E 5B 00 0A FF 2E 00 FF 00 90 24 7F 
81 43 81 4D 31 7F 1A 24 26 7F 81 45 81 4F 31 7F 
17 21 28 7F 81 28 81 32 31 7F 35 3F 2A 7F 81 08 
81 12 2F 7F 47 51 2C 7F 81 35 81 3F 31 7F 33 3D 
32 7F 81 0C 81 16 2F 7F 49 53 28 7F 7C 81 06 31 
7F 6A 74 32 7F 81 08 81 12 33 7F 50 5A FF 2D 03 
03 00 00 00 59 01 FF 2F 

Track5
00 00 00 44 00 00 00 00 00 00 00 00 00 00 00 00 
00 00 00 00 00 00 00 00 00 00 00 00 00 00 00 00 
00 00 00 00 00 00 00 00 00 00 00 00 00 00 00 00 
00 00 00 00 00 00 00 00 00 00 00 00 00 00 00 00 
00 00 01 E0 00 FF 51 04 92 FF 00 C0 66 1E B0 07 
78 1E 0A 40 1E 5B 00 0A FF 2E 00 FF 00 90 24 7F 
81 43 81 4D 31 7F 1A 24 26 7F 81 45 81 4F 31 7F 
17 21 28 7F 81 28 81 32 31 7F 35 3F 2A 7F 81 08 
81 12 2F 7F 47 51 2C 7F 81 35 81 3F 31 7F 33 3D 
32 7F 81 0C 81 16 2F 7F 49 53 28 7F 7C 81 06 31 
7F 6A 74 32 7F 81 08 81 12 33 7F 50 5A FF 2D 03 
03 00 00 00 59 01 FF 2F 

Track6
00 00 00 44 00 00 00 00 00 00 00 00 00 00 00 00 
00 00 00 00 00 00 00 00 00 00 00 00 00 00 00 00 
00 00 00 00 00 00 00 00 00 00 00 00 00 00 00 00 
00 00 00 00 00 00 00 00 00 00 00 00 00 00 00 00 
00 00 01 E0 00 FF 51 04 92 FF 00 C0 66 1E B0 07 
78 1E 0A 40 1E 5B 00 0A FF 2E 00 FF 00 90 24 7F 
81 43 81 4D 31 7F 1A 24 26 7F 81 45 81 4F 31 7F 
17 21 28 7F 81 28 81 32 31 7F 35 3F 2A 7F 81 08 
81 12 2F 7F 47 51 2C 7F 81 35 81 3F 31 7F 33 3D 
32 7F 81 0C 81 16 2F 7F 49 53 28 7F 7C 81 06 31 
7F 6A 74 32 7F 81 08 81 12 33 7F 50 5A FF 2D 03 
03 00 00 00 59 01 FF 2F 

Track7
00 00 00 44 00 00 00 00 00 00 00 00 00 00 00 00 
00 00 00 00 00 00 00 00 00 00 00 00 00 00 00 00 
00 00 00 00 00 00 00 00 00 00 00 00 00 00 00 00 
00 00 00 00 00 00 00 00 00 00 00 00 00 00 00 00 
00 00 01 E0 00 FF 51 04 92 FF 00 C0 66 1E B0 07 
78 1E 0A 40 1E 5B 00 0A FF 2E 00 FF 00 90 24 7F 
81 43 81 4D 31 7F 1A 24 26 7F 81 45 81 4F 31 7F 
17 21 28 7F 81 28 81 32 31 7F 35 3F 2A 7F 81 08 
81 12 2F 7F 47 51 2C 7F 81 35 81 3F 31 7F 33 3D 
32 7F 81 0C 81 16 2F 7F 49 53 28 7F 7C 81 06 31 
7F 6A 74 32 7F 81 08 81 12 33 7F 50 5A FF 2D 03 
03 00 00 00 59 01 FF 2F 

Track8
00 00 00 44 00 00 00 00 00 00 00 00 00 00 00 00 
00 00 00 00 00 00 00 00 00 00 00 00 00 00 00 00 
00 00 00 00 00 00 00 00 00 00 00 00 00 00 00 00 
00 00 00 00 00 00 00 00 00 00 00 00 00 00 00 00 
00 00 01 E0 00 FF 51 04 92 FF 00 C0 66 1E B0 07 
78 1E 0A 40 1E 5B 00 0A FF 2E 00 FF 00 90 24 7F 
81 43 81 4D 31 7F 1A 24 26 7F 81 45 81 4F 31 7F 
17 21 28 7F 81 28 81 32 31 7F 35 3F 2A 7F 81 08 
81 12 2F 7F 47 51 2C 7F 81 35 81 3F 31 7F 33 3D 
32 7F 81 0C 81 16 2F 7F 49 53 28 7F 7C 81 06 31 
7F 6A 74 32 7F 81 08 81 12 33 7F 50 5A FF 2D 03 
03 00 00 00 59 01 FF 2F 

Track9
00 00 00 44 00 00 00 00 00 00 00 00 00 00 00 00 
00 00 00 00 00 00 00 00 00 00 00 00 00 00 00 00 
00 00 00 00 00 00 00 00 00 00 00 00 00 00 00 00 
00 00 00 00 00 00 00 00 00 00 00 00 00 00 00 00 
00 00 01 E0 00 FF 51 04 92 FF 00 C0 66 1E B0 07 
78 1E 0A 40 1E 5B 00 0A FF 2E 00 FF 00 90 24 7F 
81 43 81 4D 31 7F 1A 24 26 7F 81 45 81 4F 31 7F 
17 21 28 7F 81 28 81 32 31 7F 35 3F 2A 7F 81 08 
81 12 2F 7F 47 51 2C 7F 81 35 81 3F 31 7F 33 3D 
32 7F 81 0C 81 16 2F 7F 49 53 28 7F 7C 81 06 31 
7F 6A 74 32 7F 81 08 81 12 33 7F 50 5A FF 2D 03 
03 00 00 00 59 01 FF 2F 

Track10
00 00 00 44 00 00 00 00 00 00 00 00 00 00 00 00 
00 00 00 00 00 00 00 00 00 00 00 00 00 00 00 00 
00 00 00 00 00 00 00 00 00 00 00 00 00 00 00 00 
00 00 00 00 00 00 00 00 00 00 00 00 00 00 00 00 
00 00 01 E0 00 FF 51 04 92 FF 00 C0 66 1E B0 07 
78 1E 0A 40 1E 5B 00 0A FF 2E 00 FF 00 90 24 7F 
81 43 81 4D 31 7F 1A 24 26 7F 81 45 81 4F 31 7F 
17 21 28 7F 81 28 81 32 31 7F 35 3F 2A 7F 81 08 
81 12 2F 7F 47 51 2C 7F 81 35 81 3F 31 7F 33 3D 
32 7F 81 0C 81 16 2F 7F 49 53 28 7F 7C 81 06 31 
7F 6A 74 32 7F 81 08 81 12 33 7F 50 5A FF 2D 03 
03 00 00 00 59 01 FF 2F 

Track11
00 00 00 44 00 00 00 00 00 00 00 00 00 00 00 00 
00 00 00 00 00 00 00 00 00 00 00 00 00 00 00 00 
00 00 00 00 00 00 00 00 00 00 00 00 00 00 00 00 
00 00 00 00 00 00 00 00 00 00 00 00 00 00 00 00 
00 00 01 E0 00 FF 51 04 92 FF 00 C0 66 1E B0 07 
78 1E 0A 40 1E 5B 00 0A FF 2E 00 FF 00 90 24 7F 
81 43 81 4D 31 7F 1A 24 26 7F 81 45 81 4F 31 7F 
17 21 28 7F 81 28 81 32 31 7F 35 3F 2A 7F 81 08 
81 12 2F 7F 47 51 2C 7F 81 35 81 3F 31 7F 33 3D 
32 7F 81 0C 81 16 2F 7F 49 53 28 7F 7C 81 06 31 
7F 6A 74 32 7F 81 08 81 12 33 7F 50 5A FF 2D 03 
03 00 00 00 59 01 FF 2F 

Track12
00 00 00 44 00 00 00 00 00 00 00 00 00 00 00 00 
00 00 00 00 00 00 00 00 00 00 00 00 00 00 00 00 
00 00 00 00 00 00 00 00 00 00 00 00 00 00 00 00 
00 00 00 00 00 00 00 00 00 00 00 00 00 00 00 00 
00 00 01 E0 00 FF 51 04 92 FF 00 C0 66 1E B0 07 
78 1E 0A 40 1E 5B 00 0A FF 2E 00 FF 00 90 24 7F 
81 43 81 4D 31 7F 1A 24 26 7F 81 45 81 4F 31 7F 
17 21 28 7F 81 28 81 32 31 7F 35 3F 2A 7F 81 08 
81 12 2F 7F 47 51 2C 7F 81 35 81 3F 31 7F 33 3D 
32 7F 81 0C 81 16 2F 7F 49 53 28 7F 7C 81 06 31 
7F 6A 74 32 7F 81 08 81 12 33 7F 50 5A FF 2D 03 
03 00 00 00 59 01 FF 2F 

Track13
00 00 00 44 00 00 00 00 00 00 00 00 00 00 00 00 
00 00 00 00 00 00 00 00 00 00 00 00 00 00 00 00 
00 00 00 00 00 00 00 00 00 00 00 00 00 00 00 00 
00 00 00 00 00 00 00 00 00 00 00 00 00 00 00 00 
00 00 01 E0 00 FF 51 04 92 FF 00 C0 66 1E B0 07 
78 1E 0A 40 1E 5B 00 0A FF 2E 00 FF 00 90 24 7F 
81 43 81 4D 31 7F 1A 24 26 7F 81 45 81 4F 31 7F 
17 21 28 7F 81 28 81 32 31 7F 35 3F 2A 7F 81 08 
81 12 2F 7F 47 51 2C 7F 81 35 81 3F 31 7F 33 3D 
32 7F 81 0C 81 16 2F 7F 49 53 28 7F 7C 81 06 31 
7F 6A 74 32 7F 81 08 81 12 33 7F 50 5A FF 2D 03 
03 00 00 00 59 01 FF 2F 

Track14
00 00 00 44 00 00 00 00 00 00 00 00 00 00 00 00 
00 00 00 00 00 00 00 00 00 00 00 00 00 00 00 00 
00 00 00 00 00 00 00 00 00 00 00 00 00 00 00 00 
00 00 00 00 00 00 00 00 00 00 00 00 00 00 00 00 
00 00 01 E0 00 FF 51 04 92 FF 00 C0 66 1E B0 07 
78 1E 0A 40 1E 5B 00 0A FF 2E 00 FF 00 90 24 7F 
81 43 81 4D 31 7F 1A 24 26 7F 81 45 81 4F 31 7F 
17 21 28 7F 81 28 81 32 31 7F 35 3F 2A 7F 81 08 
81 12 2F 7F 47 51 2C 7F 81 35 81 3F 31 7F 33 3D 
32 7F 81 0C 81 16 2F 7F 49 53 28 7F 7C 81 06 31 
7F 6A 74 32 7F 81 08 81 12 33 7F 50 5A FF 2D 03 
03 00 00 00 59 01 FF 2F 

Track15
00 00 00 44 00 00 00 00 00 00 00 00 00 00 00 00 
00 00 00 00 00 00 00 00 00 00 00 00 00 00 00 00 
00 00 00 00 00 00 00 00 00 00 00 00 00 00 00 00 
00 00 00 00 00 00 00 00 00 00 00 00 00 00 00 00 
00 00 01 E0 00 FF 51 04 92 FF 00 C0 66 1E B0 07 
78 1E 0A 40 1E 5B 00 0A FF 2E 00 FF 00 90 24 7F 
81 43 81 4D 31 7F 1A 24 26 7F 81 45 81 4F 31 7F 
17 21 28 7F 81 28 81 32 31 7F 35 3F 2A 7F 81 08 
81 12 2F 7F 47 51 2C 7F 81 35 81 3F 31 7F 33 3D 
32 7F 81 0C 81 16 2F 7F 49 53 28 7F 7C 81 06 31 
7F 6A 74 32 7F 81 08 81 12 33 7F 50 5A FF 2D 03 
03 00 00 00 59 01 FF 2F 