v 480
Track0
00 FF 51 07 A1 20 00 C0 79 02 B0 07 5A 02 0A 32 
02 5B 23 02 E0 60 39 0C FF 51 06 C4 9C 0A 90 25 
73 64 0A FF 51 05 E8 18 83 56 90 25 6E 87 36 87 
40 25 73 64 83 60 25 6E 8F 00 90 03 FF 2F 


Track1
00 C1 3C 02 B1 07 57 02 0A 40 02 5B 1E 18 91 40 
78 83 56 83 60 3C 64 87 36 87 40 43 7D 83 56 83 
60 42 69 8F 3C 8F 3C FF 2F 

Track2
00 C2 2C 02 B2 07 55 02 0A 32 02 5B 1E 18 92 4C 
7F 81 70 00 38 7F 81 70 00 34 7F 81 70 00 25 7F 
81 70 00 3D 64 81 70 83 60 48 7F 86 3E 00 37 7F 
86 3E 00 4C 64 86 3E 00 34 7F 86 3E 00 24 7F 86 
3E 86 3E FF 2F 

Track3
00 C3 2C 02 B3 07 50 02 0A 46 02 5B 1E 8B 38 93 
4F 7C 82 76 00 4B 72 83 08 00 46 68 83 26 83 60 
4E 7F 90 02 00 49 75 90 02 00 45 6B 90 02 90 02 
FF 2F 

Track4
00 C4 3D 02 B4 07 75 02 0A 4B 02 5B 1E 18 94 25 
7F 81 70 00 19 7F 81 70 83 60 24 7F 86 3E 00 18 
7F 86 3E 87 40 2B 7F 83 56 00 1F 7F 83 56 83 60 
2A 7F 90 02 00 1E 7F 90 02 90 02 FF 2F 


Track5
00 C5 2E 02 B5 07 6B 02 0A 50 02 5B 24 83 78 95 
43 7F 86 70 8B 20 43 7F 8B 7F 8B 7F FF 2F 


Track6
00 C6 2F 02 B6 07 6B 02 0A 50 02 5B 24 91 08 96 
43 5A 81 60 81 70 43 70 83 58 83 60 43 46 87 44 
87 44 FF 2F 

Track7
00 C7 00 02 B7 07 7F FE 01 1F 07 97 3D 78 83 56 
00 31 78 83 56 83 60 3C 73 87 36 00 30 73 87 36 
87 40 43 78 83 56 00 37 78 83 56 83 60 42 73 8F 
00 00 36 73 8F 00 8F 00 FF 2F 

Track8
00 C8 31 02 B8 07 7F 02 0A 50 02 5B 20 87 58 98 
43 7F 44 44 45 7F 45 45 46 7F 44 44 48 7F 45 45 
4A 7F 44 44 4B 7F 45 45 4D 7F 45 45 4F 7F 83 10 
83 60 4E 7F 90 02 90 02 FF 2F 

Track9
00 00 00 44 00 00 00 82 00 00 00 AB 00 00 00 F0 
00 00 01 22 00 00 01 5F 00 00 01 7D 00 00 01 A1 
00 00 01 DB 00 00 00 00 00 00 00 00 00 00 00 00 
00 00 00 00 00 00 00 00 00 00 00 00 00 00 00 00 
00 00 01 E0 00 FF 51 07 A1 20 00 C0 79 02 B0 07 
5A 02 0A 32 02 5B 23 02 E0 60 39 0C FF 51 06 C4 
9C 0A 90 25 73 64 0A FF 51 05 E8 18 83 56 90 25 
6E 87 36 87 40 25 73 64 83 60 25 6E 8F 00 90 03 
FF 2F 

Track10
00 00 00 44 00 00 00 82 00 00 00 AB 00 00 00 F0 
00 00 01 22 00 00 01 5F 00 00 01 7D 00 00 01 A1 
00 00 01 DB 00 00 00 00 00 00 00 00 00 00 00 00 
00 00 00 00 00 00 00 00 00 00 00 00 00 00 00 00 
00 00 01 E0 00 FF 51 07 A1 20 00 C0 79 02 B0 07 
5A 02 0A 32 02 5B 23 02 E0 60 39 0C FF 51 06 C4 
9C 0A 90 25 73 64 0A FF 51 05 E8 18 83 56 90 25 
6E 87 36 87 40 25 73 64 83 60 25 6E 8F 00 90 03 
FF 2F 

Track11
00 00 00 44 00 00 00 82 00 00 00 AB 00 00 00 F0 
00 00 01 22 00 00 01 5F 00 00 01 7D 00 00 01 A1 
00 00 01 DB 00 00 00 00 00 00 00 00 00 00 00 00 
00 00 00 00 00 00 00 00 00 00 00 00 00 00 00 00 
00 00 01 E0 00 FF 51 07 A1 20 00 C0 79 02 B0 07 
5A 02 0A 32 02 5B 23 02 E0 60 39 0C FF 51 06 C4 
9C 0A 90 25 73 64 0A FF 51 05 E8 18 83 56 90 25 
6E 87 36 87 40 25 73 64 83 60 25 6E 8F 00 90 03 
FF 2F 

Track12
00 00 00 44 00 00 00 82 00 00 00 AB 00 00 00 F0 
00 00 01 22 00 00 01 5F 00 00 01 7D 00 00 01 A1 
00 00 01 DB 00 00 00 00 00 00 00 00 00 00 00 00 
00 00 00 00 00 00 00 00 00 00 00 00 00 00 00 00 
00 00 01 E0 00 FF 51 07 A1 20 00 C0 79 02 B0 07 
5A 02 0A 32 02 5B 23 02 E0 60 39 0C FF 51 06 C4 
9C 0A 90 25 73 64 0A FF 51 05 E8 18 83 56 90 25 
6E 87 36 87 40 25 73 64 83 60 25 6E 8F 00 90 03 
FF 2F 

Track13
00 00 00 44 00 00 00 82 00 00 00 AB 00 00 00 F0 
00 00 01 22 00 00 01 5F 00 00 01 7D 00 00 01 A1 
00 00 01 DB 00 00 00 00 00 00 00 00 00 00 00 00 
00 00 00 00 00 00 00 00 00 00 00 00 00 00 00 00 
00 00 01 E0 00 FF 51 07 A1 20 00 C0 79 02 B0 07 
5A 02 0A 32 02 5B 23 02 E0 60 39 0C FF 51 06 C4 
9C 0A 90 25 73 64 0A FF 51 05 E8 18 83 56 90 25 
6E 87 36 87 40 25 73 64 83 60 25 6E 8F 00 90 03 
FF 2F 

Track14
00 00 00 44 00 00 00 82 00 00 00 AB 00 00 00 F0 
00 00 01 22 00 00 01 5F 00 00 01 7D 00 00 01 A1 
00 00 01 DB 00 00 00 00 00 00 00 00 00 00 00 00 
00 00 00 00 00 00 00 00 00 00 00 00 00 00 00 00 
00 00 01 E0 00 FF 51 07 A1 20 00 C0 79 02 B0 07 
5A 02 0A 32 02 5B 23 02 E0 60 39 0C FF 51 06 C4 
9C 0A 90 25 73 64 0A FF 51 05 E8 18 83 56 90 25 
6E 87 36 87 40 25 73 64 83 60 25 6E 8F 00 90 03 
FF 2F 

Track15
00 00 00 44 00 00 00 82 00 00 00 AB 00 00 00 F0 
00 00 01 22 00 00 01 5F 00 00 01 7D 00 00 01 A1 
00 00 01 DB 00 00 00 00 00 00 00 00 00 00 00 00 
00 00 00 00 00 00 00 00 00 00 00 00 00 00 00 00 
00 00 01 E0 00 FF 51 07 A1 20 00 C0 79 02 B0 07 
5A 02 0A 32 02 5B 23 02 E0 60 39 0C FF 51 06 C4 
9C 0A 90 25 73 64 0A FF 51 05 E8 18 83 56 90 25 
6E 87 36 87 40 25 73 64 83 60 25 6E 8F 00 90 03 
FF 2F 