v 480
Track0
00 FF 51 01 24 F8 8F 00 FF 51 0A C5 5A 92 6B FF 
2F 

Track1
00 C1 60 1E B1 07 7D 1E 0A 14 1E 5B 3C 8E 26 91 
3C 7D 92 6A 92 6A FF 2F 

Track2
00 C2 2C 1E B2 07 78 1E 0A 40 1E 5B 07 8E 26 92 
39 78 92 6A 00 34 78 92 6A 00 3D 78 92 6A 00 3E 
78 92 6A 87 4A B2 07 78 81 0D 07 71 81 01 07 6A 
76 07 63 6C 07 5C 64 07 55 5C 07 4E 56 07 47 50 
07 40 4B 07 39 46 07 32 41 07 2B 3E 07 24 39 07 
1D 37 07 16 33 07 0F 31 07 08 2E 07 01 38 FF 2F 


Track3
00 C3 1F 1E B3 07 7F 1E 0A 5A 1E 5B 3C 8E 26 93 
17 6E 92 60 87 4A B3 FE 00 51 37 2E FF 2F 


Track4
00 00 00 44 00 00 00 55 00 00 00 6D 00 00 00 CD 
00 00 00 00 00 00 00 00 00 00 00 EB 00 00 00 00 
00 00 00 00 00 00 00 00 00 00 00 00 00 00 00 00 
00 00 00 00 00 00 00 00 00 00 00 00 00 00 00 00 
00 00 01 E0 00 FF 51 01 24 F8 8F 00 FF 51 0A C5 
5A 92 6B FF 2F 

Track5
00 00 00 44 00 00 00 55 00 00 00 6D 00 00 00 CD 
00 00 00 00 00 00 00 00 00 00 00 EB 00 00 00 00 
00 00 00 00 00 00 00 00 00 00 00 00 00 00 00 00 
00 00 00 00 00 00 00 00 00 00 00 00 00 00 00 00 
00 00 01 E0 00 FF 51 01 24 F8 8F 00 FF 51 0A C5 
5A 92 6B FF 2F 

Track6
00 C6 59 1E B6 07 7D 1E 0A 40 1E 5B 3C 8E 26 96 
5D 78 3E 48 5A 71 3D 47 56 69 4D 57 51 60 1B 25 
4E 5C 54 5E 4A 51 5C 66 47 46 51 5B 45 3C 83 2A 
83 2A FF 2F 

Track7
00 00 00 44 00 00 00 55 00 00 00 6D 00 00 00 CD 
00 00 00 00 00 00 00 00 00 00 00 EB 00 00 00 00 
00 00 00 00 00 00 00 00 00 00 00 00 00 00 00 00 
00 00 00 00 00 00 00 00 00 00 00 00 00 00 00 00 
00 00 01 E0 00 FF 51 01 24 F8 8F 00 FF 51 0A C5 
5A 92 6B FF 2F 

Track8
00 00 00 44 00 00 00 55 00 00 00 6D 00 00 00 CD 
00 00 00 00 00 00 00 00 00 00 00 EB 00 00 00 00 
00 00 00 00 00 00 00 00 00 00 00 00 00 00 00 00 
00 00 00 00 00 00 00 00 00 00 00 00 00 00 00 00 
00 00 01 E0 00 FF 51 01 24 F8 8F 00 FF 51 0A C5 
5A 92 6B FF 2F 

Track9
00 00 00 44 00 00 00 55 00 00 00 6D 00 00 00 CD 
00 00 00 00 00 00 00 00 00 00 00 EB 00 00 00 00 
00 00 00 00 00 00 00 00 00 00 00 00 00 00 00 00 
00 00 00 00 00 00 00 00 00 00 00 00 00 00 00 00 
00 00 01 E0 00 FF 51 01 24 F8 8F 00 FF 51 0A C5 
5A 92 6B FF 2F 

Track10
00 00 00 44 00 00 00 55 00 00 00 6D 00 00 00 CD 
00 00 00 00 00 00 00 00 00 00 00 EB 00 00 00 00 
00 00 00 00 00 00 00 00 00 00 00 00 00 00 00 00 
00 00 00 00 00 00 00 00 00 00 00 00 00 00 00 00 
00 00 01 E0 00 FF 51 01 24 F8 8F 00 FF 51 0A C5 
5A 92 6B FF 2F 

Track11
00 00 00 44 00 00 00 55 00 00 00 6D 00 00 00 CD 
00 00 00 00 00 00 00 00 00 00 00 EB 00 00 00 00 
00 00 00 00 00 00 00 00 00 00 00 00 00 00 00 00 
00 00 00 00 00 00 00 00 00 00 00 00 00 00 00 00 
00 00 01 E0 00 FF 51 01 24 F8 8F 00 FF 51 0A C5 
5A 92 6B FF 2F 

Track12
00 00 00 44 00 00 00 55 00 00 00 6D 00 00 00 CD 
00 00 00 00 00 00 00 00 00 00 00 EB 00 00 00 00 
00 00 00 00 00 00 00 00 00 00 00 00 00 00 00 00 
00 00 00 00 00 00 00 00 00 00 00 00 00 00 00 00 
00 00 01 E0 00 FF 51 01 24 F8 8F 00 FF 51 0A C5 
5A 92 6B FF 2F 

Track13
00 00 00 44 00 00 00 55 00 00 00 6D 00 00 00 CD 
00 00 00 00 00 00 00 00 00 00 00 EB 00 00 00 00 
00 00 00 00 00 00 00 00 00 00 00 00 00 00 00 00 
00 00 00 00 00 00 00 00 00 00 00 00 00 00 00 00 
00 00 01 E0 00 FF 51 01 24 F8 8F 00 FF 51 0A C5 
5A 92 6B FF 2F 

Track14
00 00 00 44 00 00 00 55 00 00 00 6D 00 00 00 CD 
00 00 00 00 00 00 00 00 00 00 00 EB 00 00 00 00 
00 00 00 00 00 00 00 00 00 00 00 00 00 00 00 00 
00 00 00 00 00 00 00 00 00 00 00 00 00 00 00 00 
00 00 01 E0 00 FF 51 01 24 F8 8F 00 FF 51 0A C5 
5A 92 6B FF 2F 

Track15
00 00 00 44 00 00 00 55 00 00 00 6D 00 00 00 CD 
00 00 00 00 00 00 00 00 00 00 00 EB 00 00 00 00 
00 00 00 00 00 00 00 00 00 00 00 00 00 00 00 00 
00 00 00 00 00 00 00 00 00 00 00 00 00 00 00 00 
00 00 01 E0 00 FF 51 01 24 F8 8F 00 FF 51 0A C5 
5A 92 6B FF 2F 