v 480
Track0
00 FF 51 01 24 F8 00 C0 1F 1E B0 07 7F 1E 0A 50 
1E 5B 40 8E 26 FF 51 06 E2 37 00 90 34 50 9F 20 
00 28 50 9F 20 86 1A B0 07 7E 76 07 79 76 07 74 
81 10 07 6F 6A 07 6A 68 07 65 76 07 60 81 04 07 
5B 76 07 56 6A 07 51 81 03 07 4C 76 07 47 4F 07 
44 34 07 42 77 07 3D 5B 07 38 69 07 33 5C 07 2E 
5D 07 29 69 07 24 5B 07 1F 6A 07 1A 4E 07 15 5D 
07 10 68 07 0B 49 07 06 6F 07 01 28 07 00 88 06 
FF 2F 

Track1
00 00 00 44 00 00 00 00 00 00 00 C6 00 00 00 DE 
00 00 00 F6 00 00 00 00 00 00 00 00 00 00 00 00 
00 00 00 00 00 00 00 00 00 00 00 00 00 00 00 00 
00 00 00 00 00 00 00 00 00 00 01 93 00 00 01 B2 
00 00 01 E0 00 FF 51 01 24 F8 00 C0 1F 1E B0 07 
7F 1E 0A 50 1E 5B 40 8E 26 FF 51 06 E2 37 00 90 
34 50 9F 20 00 28 50 9F 20 86 1A B0 07 7E 76 07 
79 76 07 74 81 10 07 6F 6A 07 6A 68 07 65 76 07 
60 81 04 07 5B 76 07 56 6A 07 51 81 03 07 4C 76 
07 47 4F 07 44 34 07 42 77 07 3D 5B 07 38 69 07 
33 5C 07 2E 5D 07 29 69 07 24 5B 07 1F 6A 07 1A 
4E 07 15 5D 07 10 68 07 0B 49 07 06 6F 07 01 28 
07 00 88 06 FF 2F 

Track2
00 C2 7B 1E B2 07 78 1E 0A 5A 1E 5B 1E 8E 26 92 
34 50 90 60 90 60 FF 2F 

Track3
00 C3 1C 1E B3 07 7D 1E 0A 37 1E 5B 1E 8E 26 93 
1C 7F 9F 20 9F 20 FF 2F 

Track4
00 C4 3C 1E B4 07 7F 1E 0A 32 1E 5B 1E 8E 26 94 
36 50 9F 20 00 3B 55 9F 20 00 2F 5A 9F 20 83 50 
B4 07 7E 52 07 79 62 07 74 64 07 6F 62 07 6A 52 
07 65 72 07 60 52 07 5D 42 07 5C 32 07 5B 52 07 
5A 42 07 59 81 13 07 54 63 07 51 60 07 50 44 07 
4F 81 04 07 4A 81 02 07 45 81 36 07 41 62 07 40 
81 44 07 3B 81 76 07 36 81 44 07 31 81 36 07 2C 
72 07 27 81 26 07 23 52 07 22 74 07 21 81 44 07 
1C 32 07 1B 40 07 1A 74 07 18 81 34 07 13 64 07 
0E 62 07 09 52 07 04 30 07 00 00 FF 2F 


Track5
00 00 00 44 00 00 00 00 00 00 00 C6 00 00 00 DE 
00 00 00 F6 00 00 00 00 00 00 00 00 00 00 00 00 
00 00 00 00 00 00 00 00 00 00 00 00 00 00 00 00 
00 00 00 00 00 00 00 00 00 00 01 93 00 00 01 B2 
00 00 01 E0 00 FF 51 01 24 F8 00 C0 1F 1E B0 07 
7F 1E 0A 50 1E 5B 40 8E 26 FF 51 06 E2 37 00 90 
34 50 9F 20 00 28 50 9F 20 86 1A B0 07 7E 76 07 
79 76 07 74 81 10 07 6F 6A 07 6A 68 07 65 76 07 
60 81 04 07 5B 76 07 56 6A 07 51 81 03 07 4C 76 
07 47 4F 07 44 34 07 42 77 07 3D 5B 07 38 69 07 
33 5C 07 2E 5D 07 29 69 07 24 5B 07 1F 6A 07 1A 
4E 07 15 5D 07 10 68 07 0B 49 07 06 6F 07 01 28 
07 00 88 06 FF 2F 

Track6
00 00 00 44 00 00 00 00 00 00 00 C6 00 00 00 DE 
00 00 00 F6 00 00 00 00 00 00 00 00 00 00 00 00 
00 00 00 00 00 00 00 00 00 00 00 00 00 00 00 00 
00 00 00 00 00 00 00 00 00 00 01 93 00 00 01 B2 
00 00 01 E0 00 FF 51 01 24 F8 00 C0 1F 1E B0 07 
7F 1E 0A 50 1E 5B 40 8E 26 FF 51 06 E2 37 00 90 
34 50 9F 20 00 28 50 9F 20 86 1A B0 07 7E 76 07 
79 76 07 74 81 10 07 6F 6A 07 6A 68 07 65 76 07 
60 81 04 07 5B 76 07 56 6A 07 51 81 03 07 4C 76 
07 47 4F 07 44 34 07 42 77 07 3D 5B 07 38 69 07 
33 5C 07 2E 5D 07 29 69 07 24 5B 07 1F 6A 07 1A 
4E 07 15 5D 07 10 68 07 0B 49 07 06 6F 07 01 28 
07 00 88 06 FF 2F 

Track7
00 00 00 44 00 00 00 00 00 00 00 C6 00 00 00 DE 
00 00 00 F6 00 00 00 00 00 00 00 00 00 00 00 00 
00 00 00 00 00 00 00 00 00 00 00 00 00 00 00 00 
00 00 00 00 00 00 00 00 00 00 01 93 00 00 01 B2 
00 00 01 E0 00 FF 51 01 24 F8 00 C0 1F 1E B0 07 
7F 1E 0A 50 1E 5B 40 8E 26 FF 51 06 E2 37 00 90 
34 50 9F 20 00 28 50 9F 20 86 1A B0 07 7E 76 07 
79 76 07 74 81 10 07 6F 6A 07 6A 68 07 65 76 07 
60 81 04 07 5B 76 07 56 6A 07 51 81 03 07 4C 76 
07 47 4F 07 44 34 07 42 77 07 3D 5B 07 38 69 07 
33 5C 07 2E 5D 07 29 69 07 24 5B 07 1F 6A 07 1A 
4E 07 15 5D 07 10 68 07 0B 49 07 06 6F 07 01 28 
07 00 88 06 FF 2F 

Track8
00 00 00 44 00 00 00 00 00 00 00 C6 00 00 00 DE 
00 00 00 F6 00 00 00 00 00 00 00 00 00 00 00 00 
00 00 00 00 00 00 00 00 00 00 00 00 00 00 00 00 
00 00 00 00 00 00 00 00 00 00 01 93 00 00 01 B2 
00 00 01 E0 00 FF 51 01 24 F8 00 C0 1F 1E B0 07 
7F 1E 0A 50 1E 5B 40 8E 26 FF 51 06 E2 37 00 90 
34 50 9F 20 00 28 50 9F 20 86 1A B0 07 7E 76 07 
79 76 07 74 81 10 07 6F 6A 07 6A 68 07 65 76 07 
60 81 04 07 5B 76 07 56 6A 07 51 81 03 07 4C 76 
07 47 4F 07 44 34 07 42 77 07 3D 5B 07 38 69 07 
33 5C 07 2E 5D 07 29 69 07 24 5B 07 1F 6A 07 1A 
4E 07 15 5D 07 10 68 07 0B 49 07 06 6F 07 01 28 
07 00 88 06 FF 2F 

Track9
00 00 00 44 00 00 00 00 00 00 00 C6 00 00 00 DE 
00 00 00 F6 00 00 00 00 00 00 00 00 00 00 00 00 
00 00 00 00 00 00 00 00 00 00 00 00 00 00 00 00 
00 00 00 00 00 00 00 00 00 00 01 93 00 00 01 B2 
00 00 01 E0 00 FF 51 01 24 F8 00 C0 1F 1E B0 07 
7F 1E 0A 50 1E 5B 40 8E 26 FF 51 06 E2 37 00 90 
34 50 9F 20 00 28 50 9F 20 86 1A B0 07 7E 76 07 
79 76 07 74 81 10 07 6F 6A 07 6A 68 07 65 76 07 
60 81 04 07 5B 76 07 56 6A 07 51 81 03 07 4C 76 
07 47 4F 07 44 34 07 42 77 07 3D 5B 07 38 69 07 
33 5C 07 2E 5D 07 29 69 07 24 5B 07 1F 6A 07 1A 
4E 07 15 5D 07 10 68 07 0B 49 07 06 6F 07 01 28 
07 00 88 06 FF 2F 

Track10
00 00 00 44 00 00 00 00 00 00 00 C6 00 00 00 DE 
00 00 00 F6 00 00 00 00 00 00 00 00 00 00 00 00 
00 00 00 00 00 00 00 00 00 00 00 00 00 00 00 00 
00 00 00 00 00 00 00 00 00 00 01 93 00 00 01 B2 
00 00 01 E0 00 FF 51 01 24 F8 00 C0 1F 1E B0 07 
7F 1E 0A 50 1E 5B 40 8E 26 FF 51 06 E2 37 00 90 
34 50 9F 20 00 28 50 9F 20 86 1A B0 07 7E 76 07 
79 76 07 74 81 10 07 6F 6A 07 6A 68 07 65 76 07 
60 81 04 07 5B 76 07 56 6A 07 51 81 03 07 4C 76 
07 47 4F 07 44 34 07 42 77 07 3D 5B 07 38 69 07 
33 5C 07 2E 5D 07 29 69 07 24 5B 07 1F 6A 07 1A 
4E 07 15 5D 07 10 68 07 0B 49 07 06 6F 07 01 28 
07 00 88 06 FF 2F 

Track11
00 00 00 44 00 00 00 00 00 00 00 C6 00 00 00 DE 
00 00 00 F6 00 00 00 00 00 00 00 00 00 00 00 00 
00 00 00 00 00 00 00 00 00 00 00 00 00 00 00 00 
00 00 00 00 00 00 00 00 00 00 01 93 00 00 01 B2 
00 00 01 E0 00 FF 51 01 24 F8 00 C0 1F 1E B0 07 
7F 1E 0A 50 1E 5B 40 8E 26 FF 51 06 E2 37 00 90 
34 50 9F 20 00 28 50 9F 20 86 1A B0 07 7E 76 07 
79 76 07 74 81 10 07 6F 6A 07 6A 68 07 65 76 07 
60 81 04 07 5B 76 07 56 6A 07 51 81 03 07 4C 76 
07 47 4F 07 44 34 07 42 77 07 3D 5B 07 38 69 07 
33 5C 07 2E 5D 07 29 69 07 24 5B 07 1F 6A 07 1A 
4E 07 15 5D 07 10 68 07 0B 49 07 06 6F 07 01 28 
07 00 88 06 FF 2F 

Track12
00 00 00 44 00 00 00 00 00 00 00 C6 00 00 00 DE 
00 00 00 F6 00 00 00 00 00 00 00 00 00 00 00 00 
00 00 00 00 00 00 00 00 00 00 00 00 00 00 00 00 
00 00 00 00 00 00 00 00 00 00 01 93 00 00 01 B2 
00 00 01 E0 00 FF 51 01 24 F8 00 C0 1F 1E B0 07 
7F 1E 0A 50 1E 5B 40 8E 26 FF 51 06 E2 37 00 90 
34 50 9F 20 00 28 50 9F 20 86 1A B0 07 7E 76 07 
79 76 07 74 81 10 07 6F 6A 07 6A 68 07 65 76 07 
60 81 04 07 5B 76 07 56 6A 07 51 81 03 07 4C 76 
07 47 4F 07 44 34 07 42 77 07 3D 5B 07 38 69 07 
33 5C 07 2E 5D 07 29 69 07 24 5B 07 1F 6A 07 1A 
4E 07 15 5D 07 10 68 07 0B 49 07 06 6F 07 01 28 
07 00 88 06 FF 2F 

Track13
00 00 00 44 00 00 00 00 00 00 00 C6 00 00 00 DE 
00 00 00 F6 00 00 00 00 00 00 00 00 00 00 00 00 
00 00 00 00 00 00 00 00 00 00 00 00 00 00 00 00 
00 00 00 00 00 00 00 00 00 00 01 93 00 00 01 B2 
00 00 01 E0 00 FF 51 01 24 F8 00 C0 1F 1E B0 07 
7F 1E 0A 50 1E 5B 40 8E 26 FF 51 06 E2 37 00 90 
34 50 9F 20 00 28 50 9F 20 86 1A B0 07 7E 76 07 
79 76 07 74 81 10 07 6F 6A 07 6A 68 07 65 76 07 
60 81 04 07 5B 76 07 56 6A 07 51 81 03 07 4C 76 
07 47 4F 07 44 34 07 42 77 07 3D 5B 07 38 69 07 
33 5C 07 2E 5D 07 29 69 07 24 5B 07 1F 6A 07 1A 
4E 07 15 5D 07 10 68 07 0B 49 07 06 6F 07 01 28 
07 00 88 06 FF 2F 

Track14
00 CE 2C 1E BE 07 7F 1E 0A 55 1E 5B 1E 8E 26 9E 
2F 2F 9F 20 86 1A BE FE 01 3E 56 83 4D FF 2F 


Track15
00 CF 41 1E BF 07 7F 1E 0A 28 1E 5B 1E 8E 26 9F 
28 64 9F 20 86 1A BF FE 01 5D 56 83 4D FF 2F 
