v 480
Track0
00 FF 51 01 24 F8 00 C0 5F 1E B0 07 78 1E 0A 64 
1E 5B 40 9D 26 FF 51 0A 2C 2A 00 90 3C 6E 8F 00 
9E 0B FF 2F 

Track1
00 C1 60 1E B1 07 7F 1E 0A 40 1E 5B 1E AC 26 91 
3C 7F 8F 00 8F 00 FF 2F 

Track2
00 C2 79 1E B2 07 55 1E 0A 50 1E 5B 1E 9D 26 92 
23 7F 64 81 70 23 75 64 81 70 23 77 64 78 23 6D 
64 78 23 6B 64 81 70 23 7F 64 81 70 23 77 64 81 
70 23 79 64 78 23 75 64 78 23 73 64 81 70 23 7F 
64 64 FF 2F 

Track3
00 C3 02 1E B3 07 78 1E 0A 32 1E 5B 1E 9D 26 93 
48 5C 81 66 00 42 5C 81 66 00 45 5C 81 66 81 70 
49 60 81 66 00 43 60 81 66 00 46 60 81 66 81 70 
4A 65 6E 00 44 65 6E 00 47 65 6E 78 4B 67 6E 00 
45 67 6E 00 48 67 6E 78 4C 69 6E 00 46 69 6E 00 
49 69 6E 78 4D 6B 6E 00 47 6B 6E 00 4A 6B 6E 78 
4E 6D 81 66 00 48 6D 81 66 00 4B 6D 81 66 81 70 
4F 71 81 66 00 49 71 81 66 00 4C 71 81 66 81 70 
50 75 6E 00 4A 75 6E 00 4D 75 6E 78 51 77 6E 00 
4B 77 6E 00 4E 77 6E 78 52 79 6E 00 4C 79 6E 00 
4F 79 6E 78 53 7B 6E 00 4D 7B 6E 00 50 7B 6E 78 
54 7E 8E 7B 00 4E 7E 8E 7B 00 51 7E 8E 7B 05 B3 
07 78 56 07 73 57 07 6E 56 07 69 57 07 64 56 07 
5F 57 07 5A 57 07 55 56 07 50 57 07 4B 56 07 46 
57 07 41 57 07 3C 56 07 37 57 07 32 56 07 2D 57 
07 28 57 07 23 56 07 1E 57 07 19 56 07 14 57 07 
0F 5C FF 2F 

Track4
00 C4 1E 1E B4 07 78 1E 0A 48 1E 5B 1E 9D 26 E4 
00 01 00 94 1E 7F 92 60 3C E4 00 02 14 00 04 14 
00 05 14 00 06 14 00 09 14 00 0A 14 00 0B 14 00 
0D 14 00 0E 14 00 0F 14 00 10 14 00 12 14 00 13 
14 00 14 14 00 16 14 00 17 14 00 18 14 00 1B 14 
00 1C 14 00 1D 14 00 1F 14 00 20 14 00 21 14 00 
22 14 00 24 14 00 25 14 00 26 14 00 28 14 00 29 
14 00 2A 14 00 2C 14 00 2E 14 00 2F 14 00 30 14 
00 32 14 00 33 14 00 34 14 00 36 14 00 37 14 00 
38 14 00 3A 14 00 3B 14 00 3C 14 00 3E 14 00 40 
14 00 42 14 00 43 14 00 45 14 00 46 14 00 47 14 
00 49 14 00 4A 14 00 4B 14 00 4D 14 00 4E 14 00 
4F 14 00 51 14 00 52 14 00 54 14 00 55 14 00 57 
14 00 58 14 00 59 14 00 5B 14 00 5C 14 00 5D 14 
00 5F 14 00 60 14 00 61 14 00 62 14 00 64 14 00 
65 14 00 66 14 00 69 14 00 6A 14 00 6B 14 00 6D 
14 00 6E 14 00 6F 14 00 71 14 00 72 14 00 73 14 
00 74 14 00 76 14 00 77 14 00 78 14 00 7B 14 00 
7C 14 00 7D 14 00 7F 50 7F 7F 83 60 FF 2F 


Track5
00 C5 18 1E B5 07 6E 1E 0A 40 1E 5B 07 9D 26 E5 
00 01 00 95 39 6A 9E 0A 00 3C 6A 9E 0A 00 42 66 
9E 0A 00 45 60 9E 0A 3C E5 FE 01 3D FF FE 00 42 
11 0A B5 07 6E 5E 07 69 5F 07 64 5E 07 5F 5F 07 
5A 5E 07 55 5F 07 50 5E 07 4B 5F 07 46 5E 07 41 
5F 07 3C 5E 07 37 5F 07 32 5E 07 2D 5F 07 28 5E 
07 23 5F 07 1E 5E 07 19 5F 07 14 5E 07 0F 7D FF 
2F 

Track6
00 C6 59 1E B6 07 7D 1E 0A 28 1E 5B 1E AB 06 96 
36 50 19 1E 39 5A 19 1E 3C 64 23 28 42 6E 88 42 
1E 45 78 88 32 1E 48 7F 88 28 88 28 FF 2F 


Track7
00 00 00 44 00 00 00 68 00 00 00 80 00 00 00 C4 
00 00 01 C8 00 00 02 F6 00 00 03 67 00 00 00 00 
00 00 00 00 00 00 00 00 00 00 00 00 00 00 00 00 
00 00 00 00 00 00 00 00 00 00 00 00 00 00 00 00 
00 00 01 E0 00 FF 51 01 24 F8 00 C0 5F 1E B0 07 
78 1E 0A 64 1E 5B 40 9D 26 FF 51 0A 2C 2A 00 90 
3C 6E 8F 00 9E 0B FF 2F 

Track8
00 00 00 44 00 00 00 68 00 00 00 80 00 00 00 C4 
00 00 01 C8 00 00 02 F6 00 00 03 67 00 00 00 00 
00 00 00 00 00 00 00 00 00 00 00 00 00 00 00 00 
00 00 00 00 00 00 00 00 00 00 00 00 00 00 00 00 
00 00 01 E0 00 FF 51 01 24 F8 00 C0 5F 1E B0 07 
78 1E 0A 64 1E 5B 40 9D 26 FF 51 0A 2C 2A 00 90 
3C 6E 8F 00 9E 0B FF 2F 

Track9
00 00 00 44 00 00 00 68 00 00 00 80 00 00 00 C4 
00 00 01 C8 00 00 02 F6 00 00 03 67 00 00 00 00 
00 00 00 00 00 00 00 00 00 00 00 00 00 00 00 00 
00 00 00 00 00 00 00 00 00 00 00 00 00 00 00 00 
00 00 01 E0 00 FF 51 01 24 F8 00 C0 5F 1E B0 07 
78 1E 0A 64 1E 5B 40 9D 26 FF 51 0A 2C 2A 00 90 
3C 6E 8F 00 9E 0B FF 2F 

Track10
00 00 00 44 00 00 00 68 00 00 00 80 00 00 00 C4 
00 00 01 C8 00 00 02 F6 00 00 03 67 00 00 00 00 
00 00 00 00 00 00 00 00 00 00 00 00 00 00 00 00 
00 00 00 00 00 00 00 00 00 00 00 00 00 00 00 00 
00 00 01 E0 00 FF 51 01 24 F8 00 C0 5F 1E B0 07 
78 1E 0A 64 1E 5B 40 9D 26 FF 51 0A 2C 2A 00 90 
3C 6E 8F 00 9E 0B FF 2F 

Track11
00 00 00 44 00 00 00 68 00 00 00 80 00 00 00 C4 
00 00 01 C8 00 00 02 F6 00 00 03 67 00 00 00 00 
00 00 00 00 00 00 00 00 00 00 00 00 00 00 00 00 
00 00 00 00 00 00 00 00 00 00 00 00 00 00 00 00 
00 00 01 E0 00 FF 51 01 24 F8 00 C0 5F 1E B0 07 
78 1E 0A 64 1E 5B 40 9D 26 FF 51 0A 2C 2A 00 90 
3C 6E 8F 00 9E 0B FF 2F 

Track12
00 00 00 44 00 00 00 68 00 00 00 80 00 00 00 C4 
00 00 01 C8 00 00 02 F6 00 00 03 67 00 00 00 00 
00 00 00 00 00 00 00 00 00 00 00 00 00 00 00 00 
00 00 00 00 00 00 00 00 00 00 00 00 00 00 00 00 
00 00 01 E0 00 FF 51 01 24 F8 00 C0 5F 1E B0 07 
78 1E 0A 64 1E 5B 40 9D 26 FF 51 0A 2C 2A 00 90 
3C 6E 8F 00 9E 0B FF 2F 

Track13
00 00 00 44 00 00 00 68 00 00 00 80 00 00 00 C4 
00 00 01 C8 00 00 02 F6 00 00 03 67 00 00 00 00 
00 00 00 00 00 00 00 00 00 00 00 00 00 00 00 00 
00 00 00 00 00 00 00 00 00 00 00 00 00 00 00 00 
00 00 01 E0 00 FF 51 01 24 F8 00 C0 5F 1E B0 07 
78 1E 0A 64 1E 5B 40 9D 26 FF 51 0A 2C 2A 00 90 
3C 6E 8F 00 9E 0B FF 2F 

Track14
00 00 00 44 00 00 00 68 00 00 00 80 00 00 00 C4 
00 00 01 C8 00 00 02 F6 00 00 03 67 00 00 00 00 
00 00 00 00 00 00 00 00 00 00 00 00 00 00 00 00 
00 00 00 00 00 00 00 00 00 00 00 00 00 00 00 00 
00 00 01 E0 00 FF 51 01 24 F8 00 C0 5F 1E B0 07 
78 1E 0A 64 1E 5B 40 9D 26 FF 51 0A 2C 2A 00 90 
3C 6E 8F 00 9E 0B FF 2F 

Track15
00 00 00 44 00 00 00 68 00 00 00 80 00 00 00 C4 
00 00 01 C8 00 00 02 F6 00 00 03 67 00 00 00 00 
00 00 00 00 00 00 00 00 00 00 00 00 00 00 00 00 
00 00 00 00 00 00 00 00 00 00 00 00 00 00 00 00 
00 00 01 E0 00 FF 51 01 24 F8 00 C0 5F 1E B0 07 
78 1E 0A 64 1E 5B 40 9D 26 FF 51 0A 2C 2A 00 90 
3C 6E 8F 00 9E 0B FF 2F 