v 480
Track0
00 FF 51 07 A1 20 00 C0 79 02 B0 07 64 02 0A 32 
02 5B 23 0E FF 51 07 A1 20 0A 90 25 6E 8E 76 0A 
FF 51 07 A1 20 6E B0 07 64 43 07 5F 44 07 5A 43 
07 55 44 07 50 84 44 07 50 81 1C 07 55 81 05 07 
5A 72 07 5F 64 07 64 57 07 69 4E 07 6E 45 07 73 
3E 07 78 38 07 7D 5F 90 25 6E 64 8D 30 FF 2F 


Track1
00 C1 7B 02 B1 07 50 02 0A 50 02 5B 2D 8F 18 91 
34 64 87 40 87 40 FF 2F 

Track2
00 C2 5C 02 B2 07 41 02 0A 64 02 5B 26 18 92 3E 
50 81 20 81 20 42 50 81 20 81 20 45 50 81 20 81 
20 4A 50 81 20 81 20 4E 50 81 20 81 20 51 50 81 
20 81 20 40 50 81 20 81 20 44 50 81 20 81 20 47 
50 81 20 81 20 4C 50 81 20 81 20 50 50 81 20 81 
20 53 50 81 20 81 20 49 64 8D 01 0E 42 7F 8D 21 
03 52 6E 8C 6B 8C 6B FF 2F 

Track3
00 C3 1A 02 B3 07 46 02 0A 32 02 5B 1E 18 E3 02 
00 00 93 3E 78 87 2C 00 45 78 87 2C 5A E3 02 00 
40 4A 01 3A 12 03 33 5A 04 2F 22 06 2A 6A 07 27 
32 09 23 7A 0A 21 42 0C 1E 0A 0E 1C 52 0F 1A 1A 
11 18 62 12 17 2A 14 15 72 15 14 45 17 14 1E 19 
14 07 1B 14 00 1D 14 0C 1F 14 2C 21 14 65 23 14 
37 26 14 28 29 14 3B 2C 14 75 2F 14 5D 33 14 79 
37 14 52 3C 0D 00 40 33 00 40 05 93 47 78 87 2C 
00 40 78 87 2C 82 2C E3 00 40 5A 48 41 49 10 43 
3C 58 44 33 20 46 2B 68 47 25 30 49 20 78 4A 1D 
40 4C 19 08 4E 16 50 4F 15 18 51 14 00 53 14 79 
54 14 12 57 14 51 59 14 40 5C 14 68 5F 01 00 60 
2E 00 40 0A 93 49 7F 8D 10 00 52 7F 8D 10 00 2A 
78 8D 10 8D 10 FF 2F 

Track4
00 C4 31 02 B4 07 7F 02 0A 48 02 5B 24 18 94 42 
78 87 36 00 40 77 87 36 00 39 76 87 36 87 40 44 
78 87 36 00 42 77 87 36 00 3B 76 87 36 87 40 42 
7F 8D 10 00 3D 7F 8D 10 00 36 7F 8D 10 8D 10 FF 
2F 

Track5
00 C5 3C 02 B5 07 69 02 0A 50 02 5B 20 83 78 95 
39 7F 81 16 81 20 3E 7F 81 16 81 20 45 7F 81 16 
81 20 44 7F 83 56 83 60 40 7F 81 16 81 20 44 7F 
81 16 81 20 47 7F 81 16 81 20 46 7F 8D 10 8D 10 
FF 2F 

Track6
00 C6 2E 02 B6 07 7F 02 0A 32 02 5B 23 8B 1A 96 
40 7F 87 40 87 40 FF 2F 

Track7
00 C7 1F 02 B7 07 3C 02 0A 3C 02 5B 22 18 97 32 
7D 87 36 00 3E 7D 87 36 87 40 34 7D 87 36 00 40 
7D 87 36 87 40 2A FE 00 8C 0A FF 2F 

Track8
00 C8 07 02 B8 07 41 02 0A 14 02 5B 40 45 98 FE 
02 07 48 FF 2F 

Track9
00 00 00 44 00 00 00 A3 00 00 00 BB 00 00 01 24 
00 00 01 FB 00 00 02 3C 00 00 02 7E 00 00 02 96 
00 00 02 C2 00 00 00 00 00 00 00 00 00 00 00 00 
00 00 00 00 00 00 00 00 00 00 00 00 00 00 00 00 
00 00 01 E0 00 FF 51 07 A1 20 00 C0 79 02 B0 07 
64 02 0A 32 02 5B 23 0E FF 51 07 A1 20 0A 90 25 
6E 8E 76 0A FF 51 07 A1 20 6E B0 07 64 43 07 5F 
44 07 5A 43 07 55 44 07 50 84 44 07 50 81 1C 07 
55 81 05 07 5A 72 07 5F 64 07 64 57 07 69 4E 07 
6E 45 07 73 3E 07 78 38 07 7D 5F 90 25 6E 64 8D 
30 FF 2F 

Track10
00 00 00 44 00 00 00 A3 00 00 00 BB 00 00 01 24 
00 00 01 FB 00 00 02 3C 00 00 02 7E 00 00 02 96 
00 00 02 C2 00 00 00 00 00 00 00 00 00 00 00 00 
00 00 00 00 00 00 00 00 00 00 00 00 00 00 00 00 
00 00 01 E0 00 FF 51 07 A1 20 00 C0 79 02 B0 07 
64 02 0A 32 02 5B 23 0E FF 51 07 A1 20 0A 90 25 
6E 8E 76 0A FF 51 07 A1 20 6E B0 07 64 43 07 5F 
44 07 5A 43 07 55 44 07 50 84 44 07 50 81 1C 07 
55 81 05 07 5A 72 07 5F 64 07 64 57 07 69 4E 07 
6E 45 07 73 3E 07 78 38 07 7D 5F 90 25 6E 64 8D 
30 FF 2F 

Track11
00 00 00 44 00 00 00 A3 00 00 00 BB 00 00 01 24 
00 00 01 FB 00 00 02 3C 00 00 02 7E 00 00 02 96 
00 00 02 C2 00 00 00 00 00 00 00 00 00 00 00 00 
00 00 00 00 00 00 00 00 00 00 00 00 00 00 00 00 
00 00 01 E0 00 FF 51 07 A1 20 00 C0 79 02 B0 07 
64 02 0A 32 02 5B 23 0E FF 51 07 A1 20 0A 90 25 
6E 8E 76 0A FF 51 07 A1 20 6E B0 07 64 43 07 5F 
44 07 5A 43 07 55 44 07 50 84 44 07 50 81 1C 07 
55 81 05 07 5A 72 07 5F 64 07 64 57 07 69 4E 07 
6E 45 07 73 3E 07 78 38 07 7D 5F 90 25 6E 64 8D 
30 FF 2F 

Track12
00 00 00 44 00 00 00 A3 00 00 00 BB 00 00 01 24 
00 00 01 FB 00 00 02 3C 00 00 02 7E 00 00 02 96 
00 00 02 C2 00 00 00 00 00 00 00 00 00 00 00 00 
00 00 00 00 00 00 00 00 00 00 00 00 00 00 00 00 
00 00 01 E0 00 FF 51 07 A1 20 00 C0 79 02 B0 07 
64 02 0A 32 02 5B 23 0E FF 51 07 A1 20 0A 90 25 
6E 8E 76 0A FF 51 07 A1 20 6E B0 07 64 43 07 5F 
44 07 5A 43 07 55 44 07 50 84 44 07 50 81 1C 07 
55 81 05 07 5A 72 07 5F 64 07 64 57 07 69 4E 07 
6E 45 07 73 3E 07 78 38 07 7D 5F 90 25 6E 64 8D 
30 FF 2F 

Track13
00 00 00 44 00 00 00 A3 00 00 00 BB 00 00 01 24 
00 00 01 FB 00 00 02 3C 00 00 02 7E 00 00 02 96 
00 00 02 C2 00 00 00 00 00 00 00 00 00 00 00 00 
00 00 00 00 00 00 00 00 00 00 00 00 00 00 00 00 
00 00 01 E0 00 FF 51 07 A1 20 00 C0 79 02 B0 07 
64 02 0A 32 02 5B 23 0E FF 51 07 A1 20 0A 90 25 
6E 8E 76 0A FF 51 07 A1 20 6E B0 07 64 43 07 5F 
44 07 5A 43 07 55 44 07 50 84 44 07 50 81 1C 07 
55 81 05 07 5A 72 07 5F 64 07 64 57 07 69 4E 07 
6E 45 07 73 3E 07 78 38 07 7D 5F 90 25 6E 64 8D 
30 FF 2F 

Track14
00 00 00 44 00 00 00 A3 00 00 00 BB 00 00 01 24 
00 00 01 FB 00 00 02 3C 00 00 02 7E 00 00 02 96 
00 00 02 C2 00 00 00 00 00 00 00 00 00 00 00 00 
00 00 00 00 00 00 00 00 00 00 00 00 00 00 00 00 
00 00 01 E0 00 FF 51 07 A1 20 00 C0 79 02 B0 07 
64 02 0A 32 02 5B 23 0E FF 51 07 A1 20 0A 90 25 
6E 8E 76 0A FF 51 07 A1 20 6E B0 07 64 43 07 5F 
44 07 5A 43 07 55 44 07 50 84 44 07 50 81 1C 07 
55 81 05 07 5A 72 07 5F 64 07 64 57 07 69 4E 07 
6E 45 07 73 3E 07 78 38 07 7D 5F 90 25 6E 64 8D 
30 FF 2F 

Track15
00 00 00 44 00 00 00 A3 00 00 00 BB 00 00 01 24 
00 00 01 FB 00 00 02 3C 00 00 02 7E 00 00 02 96 
00 00 02 C2 00 00 00 00 00 00 00 00 00 00 00 00 
00 00 00 00 00 00 00 00 00 00 00 00 00 00 00 00 
00 00 01 E0 00 FF 51 07 A1 20 00 C0 79 02 B0 07 
64 02 0A 32 02 5B 23 0E FF 51 07 A1 20 0A 90 25 
6E 8E 76 0A FF 51 07 A1 20 6E B0 07 64 43 07 5F 
44 07 5A 43 07 55 44 07 50 84 44 07 50 81 1C 07 
55 81 05 07 5A 72 07 5F 64 07 64 57 07 69 4E 07 
6E 45 07 73 3E 07 78 38 07 7D 5F 90 25 6E 64 8D 
30 FF 2F 