v 480
Track0
00 FF 51 07 A1 20 00 C0 32 02 B0 07 78 02 0A 40 
02 5B 08 0E FF 51 06 DD D0 0A 90 48 69 81 66 0A 
FF 51 06 1A 80 81 66 90 47 69 64 78 46 69 64 78 
45 6E 81 66 81 70 44 69 64 78 43 69 64 78 42 69 
81 52 81 70 43 6E 81 0C 81 70 45 73 81 0C 81 70 
47 78 81 16 81 66 FF 51 06 52 4E 0A 90 48 7D 81 
16 0A FF 51 06 8A 1B 83 4C FF 51 06 CA 8A 0A 90 
44 69 81 16 00 4C 7D 81 16 00 48 73 81 16 0A FF 
51 07 0A E2 83 3D E0 30 30 0F FF 51 07 AE D4 0A 
90 4B 73 8F 00 00 47 73 8F 00 00 4F 7D 8F 00 0A 
FF 51 08 52 AE 0B E0 14 31 29 78 31 27 5C 32 24 
40 33 21 24 34 1F 08 35 1D 6C 35 1C 50 36 1A 34 
37 18 18 38 17 7C 38 15 60 39 15 44 3A 14 2E 3B 
14 1B 3C 14 0E 3D 14 09 3E 14 0B 3F 87 6A 00 40 
32 38 3E 2A 70 3C 26 28 3B 21 60 39 1E 18 38 1A 
50 36 18 08 35 16 40 33 14 74 31 14 17 30 14 22 
2E 14 14 2C 14 66 29 14 13 27 14 14 24 29 FF 2F 


Track1
00 C1 1D 02 B1 07 7D 02 0A 4B 02 5B 00 18 91 24 
78 81 66 83 60 1F 78 81 66 83 60 1E 6E 81 66 81 
70 1F 69 81 66 81 70 21 7A 81 66 81 70 23 74 81 
66 81 70 24 7C 82 2C 83 60 20 78 82 18 83 60 23 
78 81 70 81 70 FF 2F 

Track2
00 C2 2C 02 B2 07 7F 02 0A 4B 02 5B 0A 8F 18 92 
30 7C 82 2C 83 60 2C 78 82 18 83 60 2F 78 8F 00 
8F 00 FF 2F 

Track3
00 C3 11 02 B3 07 6E 02 0A 49 02 5B 00 18 93 54 
64 78 83 60 48 64 78 83 60 54 64 78 83 60 48 64 
78 83 60 54 64 78 83 60 48 64 78 83 60 54 64 78 
78 FF 2F 

Track4
00 C4 65 02 B4 07 78 02 0A 3C 02 5B 00 18 94 24 
78 78 83 60 24 78 78 83 60 24 78 78 83 60 24 78 
78 81 70 24 69 78 81 70 24 78 78 83 60 FE 00 1E 
08 78 FF 2F 

Track5
00 C5 64 02 B5 07 78 02 0A 48 02 5B 00 82 08 95 
25 64 78 83 60 25 64 78 83 60 25 64 78 83 60 25 
64 78 81 70 25 69 78 78 FF 2F 

Track6
00 C6 7A 02 B6 07 5A 02 0A 32 02 5B 07 18 96 2E 
64 64 81 70 2A 46 64 78 2A 5A 64 78 2E 78 64 81 
70 2A 46 64 78 2A 5A 64 78 2E 64 64 81 70 2A 46 
64 78 2A 5A 64 78 2E 78 FE 00 27 0C 6E 64 81 70 
2A 46 64 81 70 2E 7B 64 81 70 2A 46 64 64 FF 2F 


Track7
00 C7 7B 02 B7 07 64 02 0A 50 02 5B 0A 96 58 97 
34 78 85 50 85 50 FF 2F 

Track8
00 00 00 44 00 00 01 54 00 00 01 9B 00 00 01 BF 
00 00 01 F2 00 00 02 26 00 00 02 50 00 00 02 A0 
00 00 00 00 00 00 00 00 00 00 00 00 00 00 00 00 
00 00 00 00 00 00 00 00 00 00 00 00 00 00 00 00 
00 00 01 E0 00 FF 51 07 A1 20 00 C0 32 02 B0 07 
78 02 0A 40 02 5B 08 0E FF 51 06 DD D0 0A 90 48 
69 81 66 0A FF 51 06 1A 80 81 66 90 47 69 64 78 
46 69 64 78 45 6E 81 66 81 70 44 69 64 78 43 69 
64 78 42 69 81 52 81 70 43 6E 81 0C 81 70 45 73 
81 0C 81 70 47 78 81 16 81 66 FF 51 06 52 4E 0A 
90 48 7D 81 16 0A FF 51 06 8A 1B 83 4C FF 51 06 
CA 8A 0A 90 44 69 81 16 00 4C 7D 81 16 00 48 73 
81 16 0A FF 51 07 0A E2 83 3D E0 30 30 0F FF 51 
07 AE D4 0A 90 4B 73 8F 00 00 47 73 8F 00 00 4F 
7D 8F 00 0A FF 51 08 52 AE 0B E0 14 31 29 78 31 
27 5C 32 24 40 33 21 24 34 1F 08 35 1D 6C 35 1C 
50 36 1A 34 37 18 18 38 17 7C 38 15 60 39 15 44 
3A 14 2E 3B 14 1B 3C 14 0E 3D 14 09 3E 14 0B 3F 
87 6A 00 40 32 38 3E 2A 70 3C 26 28 3B 21 60 39 
1E 18 38 1A 50 36 18 08 35 16 40 33 14 74 31 14 
17 30 14 22 2E 14 14 2C 14 66 29 14 13 27 14 14 
24 29 FF 2F 

Track9
00 00 00 44 00 00 01 54 00 00 01 9B 00 00 01 BF 
00 00 01 F2 00 00 02 26 00 00 02 50 00 00 02 A0 
00 00 00 00 00 00 00 00 00 00 00 00 00 00 00 00 
00 00 00 00 00 00 00 00 00 00 00 00 00 00 00 00 
00 00 01 E0 00 FF 51 07 A1 20 00 C0 32 02 B0 07 
78 02 0A 40 02 5B 08 0E FF 51 06 DD D0 0A 90 48 
69 81 66 0A FF 51 06 1A 80 81 66 90 47 69 64 78 
46 69 64 78 45 6E 81 66 81 70 44 69 64 78 43 69 
64 78 42 69 81 52 81 70 43 6E 81 0C 81 70 45 73 
81 0C 81 70 47 78 81 16 81 66 FF 51 06 52 4E 0A 
90 48 7D 81 16 0A FF 51 06 8A 1B 83 4C FF 51 06 
CA 8A 0A 90 44 69 81 16 00 4C 7D 81 16 00 48 73 
81 16 0A FF 51 07 0A E2 83 3D E0 30 30 0F FF 51 
07 AE D4 0A 90 4B 73 8F 00 00 47 73 8F 00 00 4F 
7D 8F 00 0A FF 51 08 52 AE 0B E0 14 31 29 78 31 
27 5C 32 24 40 33 21 24 34 1F 08 35 1D 6C 35 1C 
50 36 1A 34 37 18 18 38 17 7C 38 15 60 39 15 44 
3A 14 2E 3B 14 1B 3C 14 0E 3D 14 09 3E 14 0B 3F 
87 6A 00 40 32 38 3E 2A 70 3C 26 28 3B 21 60 39 
1E 18 38 1A 50 36 18 08 35 16 40 33 14 74 31 14 
17 30 14 22 2E 14 14 2C 14 66 29 14 13 27 14 14 
24 29 FF 2F 

Track10
00 00 00 44 00 00 01 54 00 00 01 9B 00 00 01 BF 
00 00 01 F2 00 00 02 26 00 00 02 50 00 00 02 A0 
00 00 00 00 00 00 00 00 00 00 00 00 00 00 00 00 
00 00 00 00 00 00 00 00 00 00 00 00 00 00 00 00 
00 00 01 E0 00 FF 51 07 A1 20 00 C0 32 02 B0 07 
78 02 0A 40 02 5B 08 0E FF 51 06 DD D0 0A 90 48 
69 81 66 0A FF 51 06 1A 80 81 66 90 47 69 64 78 
46 69 64 78 45 6E 81 66 81 70 44 69 64 78 43 69 
64 78 42 69 81 52 81 70 43 6E 81 0C 81 70 45 73 
81 0C 81 70 47 78 81 16 81 66 FF 51 06 52 4E 0A 
90 48 7D 81 16 0A FF 51 06 8A 1B 83 4C FF 51 06 
CA 8A 0A 90 44 69 81 16 00 4C 7D 81 16 00 48 73 
81 16 0A FF 51 07 0A E2 83 3D E0 30 30 0F FF 51 
07 AE D4 0A 90 4B 73 8F 00 00 47 73 8F 00 00 4F 
7D 8F 00 0A FF 51 08 52 AE 0B E0 14 31 29 78 31 
27 5C 32 24 40 33 21 24 34 1F 08 35 1D 6C 35 1C 
50 36 1A 34 37 18 18 38 17 7C 38 15 60 39 15 44 
3A 14 2E 3B 14 1B 3C 14 0E 3D 14 09 3E 14 0B 3F 
87 6A 00 40 32 38 3E 2A 70 3C 26 28 3B 21 60 39 
1E 18 38 1A 50 36 18 08 35 16 40 33 14 74 31 14 
17 30 14 22 2E 14 14 2C 14 66 29 14 13 27 14 14 
24 29 FF 2F 

Track11
00 00 00 44 00 00 01 54 00 00 01 9B 00 00 01 BF 
00 00 01 F2 00 00 02 26 00 00 02 50 00 00 02 A0 
00 00 00 00 00 00 00 00 00 00 00 00 00 00 00 00 
00 00 00 00 00 00 00 00 00 00 00 00 00 00 00 00 
00 00 01 E0 00 FF 51 07 A1 20 00 C0 32 02 B0 07 
78 02 0A 40 02 5B 08 0E FF 51 06 DD D0 0A 90 48 
69 81 66 0A FF 51 06 1A 80 81 66 90 47 69 64 78 
46 69 64 78 45 6E 81 66 81 70 44 69 64 78 43 69 
64 78 42 69 81 52 81 70 43 6E 81 0C 81 70 45 73 
81 0C 81 70 47 78 81 16 81 66 FF 51 06 52 4E 0A 
90 48 7D 81 16 0A FF 51 06 8A 1B 83 4C FF 51 06 
CA 8A 0A 90 44 69 81 16 00 4C 7D 81 16 00 48 73 
81 16 0A FF 51 07 0A E2 83 3D E0 30 30 0F FF 51 
07 AE D4 0A 90 4B 73 8F 00 00 47 73 8F 00 00 4F 
7D 8F 00 0A FF 51 08 52 AE 0B E0 14 31 29 78 31 
27 5C 32 24 40 33 21 24 34 1F 08 35 1D 6C 35 1C 
50 36 1A 34 37 18 18 38 17 7C 38 15 60 39 15 44 
3A 14 2E 3B 14 1B 3C 14 0E 3D 14 09 3E 14 0B 3F 
87 6A 00 40 32 38 3E 2A 70 3C 26 28 3B 21 60 39 
1E 18 38 1A 50 36 18 08 35 16 40 33 14 74 31 14 
17 30 14 22 2E 14 14 2C 14 66 29 14 13 27 14 14 
24 29 FF 2F 

Track12
00 00 00 44 00 00 01 54 00 00 01 9B 00 00 01 BF 
00 00 01 F2 00 00 02 26 00 00 02 50 00 00 02 A0 
00 00 00 00 00 00 00 00 00 00 00 00 00 00 00 00 
00 00 00 00 00 00 00 00 00 00 00 00 00 00 00 00 
00 00 01 E0 00 FF 51 07 A1 20 00 C0 32 02 B0 07 
78 02 0A 40 02 5B 08 0E FF 51 06 DD D0 0A 90 48 
69 81 66 0A FF 51 06 1A 80 81 66 90 47 69 64 78 
46 69 64 78 45 6E 81 66 81 70 44 69 64 78 43 69 
64 78 42 69 81 52 81 70 43 6E 81 0C 81 70 45 73 
81 0C 81 70 47 78 81 16 81 66 FF 51 06 52 4E 0A 
90 48 7D 81 16 0A FF 51 06 8A 1B 83 4C FF 51 06 
CA 8A 0A 90 44 69 81 16 00 4C 7D 81 16 00 48 73 
81 16 0A FF 51 07 0A E2 83 3D E0 30 30 0F FF 51 
07 AE D4 0A 90 4B 73 8F 00 00 47 73 8F 00 00 4F 
7D 8F 00 0A FF 51 08 52 AE 0B E0 14 31 29 78 31 
27 5C 32 24 40 33 21 24 34 1F 08 35 1D 6C 35 1C 
50 36 1A 34 37 18 18 38 17 7C 38 15 60 39 15 44 
3A 14 2E 3B 14 1B 3C 14 0E 3D 14 09 3E 14 0B 3F 
87 6A 00 40 32 38 3E 2A 70 3C 26 28 3B 21 60 39 
1E 18 38 1A 50 36 18 08 35 16 40 33 14 74 31 14 
17 30 14 22 2E 14 14 2C 14 66 29 14 13 27 14 14 
24 29 FF 2F 

Track13
00 00 00 44 00 00 01 54 00 00 01 9B 00 00 01 BF 
00 00 01 F2 00 00 02 26 00 00 02 50 00 00 02 A0 
00 00 00 00 00 00 00 00 00 00 00 00 00 00 00 00 
00 00 00 00 00 00 00 00 00 00 00 00 00 00 00 00 
00 00 01 E0 00 FF 51 07 A1 20 00 C0 32 02 B0 07 
78 02 0A 40 02 5B 08 0E FF 51 06 DD D0 0A 90 48 
69 81 66 0A FF 51 06 1A 80 81 66 90 47 69 64 78 
46 69 64 78 45 6E 81 66 81 70 44 69 64 78 43 69 
64 78 42 69 81 52 81 70 43 6E 81 0C 81 70 45 73 
81 0C 81 70 47 78 81 16 81 66 FF 51 06 52 4E 0A 
90 48 7D 81 16 0A FF 51 06 8A 1B 83 4C FF 51 06 
CA 8A 0A 90 44 69 81 16 00 4C 7D 81 16 00 48 73 
81 16 0A FF 51 07 0A E2 83 3D E0 30 30 0F FF 51 
07 AE D4 0A 90 4B 73 8F 00 00 47 73 8F 00 00 4F 
7D 8F 00 0A FF 51 08 52 AE 0B E0 14 31 29 78 31 
27 5C 32 24 40 33 21 24 34 1F 08 35 1D 6C 35 1C 
50 36 1A 34 37 18 18 38 17 7C 38 15 60 39 15 44 
3A 14 2E 3B 14 1B 3C 14 0E 3D 14 09 3E 14 0B 3F 
87 6A 00 40 32 38 3E 2A 70 3C 26 28 3B 21 60 39 
1E 18 38 1A 50 36 18 08 35 16 40 33 14 74 31 14 
17 30 14 22 2E 14 14 2C 14 66 29 14 13 27 14 14 
24 29 FF 2F 

Track14
00 00 00 44 00 00 01 54 00 00 01 9B 00 00 01 BF 
00 00 01 F2 00 00 02 26 00 00 02 50 00 00 02 A0 
00 00 00 00 00 00 00 00 00 00 00 00 00 00 00 00 
00 00 00 00 00 00 00 00 00 00 00 00 00 00 00 00 
00 00 01 E0 00 FF 51 07 A1 20 00 C0 32 02 B0 07 
78 02 0A 40 02 5B 08 0E FF 51 06 DD D0 0A 90 48 
69 81 66 0A FF 51 06 1A 80 81 66 90 47 69 64 78 
46 69 64 78 45 6E 81 66 81 70 44 69 64 78 43 69 
64 78 42 69 81 52 81 70 43 6E 81 0C 81 70 45 73 
81 0C 81 70 47 78 81 16 81 66 FF 51 06 52 4E 0A 
90 48 7D 81 16 0A FF 51 06 8A 1B 83 4C FF 51 06 
CA 8A 0A 90 44 69 81 16 00 4C 7D 81 16 00 48 73 
81 16 0A FF 51 07 0A E2 83 3D E0 30 30 0F FF 51 
07 AE D4 0A 90 4B 73 8F 00 00 47 73 8F 00 00 4F 
7D 8F 00 0A FF 51 08 52 AE 0B E0 14 31 29 78 31 
27 5C 32 24 40 33 21 24 34 1F 08 35 1D 6C 35 1C 
50 36 1A 34 37 18 18 38 17 7C 38 15 60 39 15 44 
3A 14 2E 3B 14 1B 3C 14 0E 3D 14 09 3E 14 0B 3F 
87 6A 00 40 32 38 3E 2A 70 3C 26 28 3B 21 60 39 
1E 18 38 1A 50 36 18 08 35 16 40 33 14 74 31 14 
17 30 14 22 2E 14 14 2C 14 66 29 14 13 27 14 14 
24 29 FF 2F 

Track15
00 00 00 44 00 00 01 54 00 00 01 9B 00 00 01 BF 
00 00 01 F2 00 00 02 26 00 00 02 50 00 00 02 A0 
00 00 00 00 00 00 00 00 00 00 00 00 00 00 00 00 
00 00 00 00 00 00 00 00 00 00 00 00 00 00 00 00 
00 00 01 E0 00 FF 51 07 A1 20 00 C0 32 02 B0 07 
78 02 0A 40 02 5B 08 0E FF 51 06 DD D0 0A 90 48 
69 81 66 0A FF 51 06 1A 80 81 66 90 47 69 64 78 
46 69 64 78 45 6E 81 66 81 70 44 69 64 78 43 69 
64 78 42 69 81 52 81 70 43 6E 81 0C 81 70 45 73 
81 0C 81 70 47 78 81 16 81 66 FF 51 06 52 4E 0A 
90 48 7D 81 16 0A FF 51 06 8A 1B 83 4C FF 51 06 
CA 8A 0A 90 44 69 81 16 00 4C 7D 81 16 00 48 73 
81 16 0A FF 51 07 0A E2 83 3D E0 30 30 0F FF 51 
07 AE D4 0A 90 4B 73 8F 00 00 47 73 8F 00 00 4F 
7D 8F 00 0A FF 51 08 52 AE 0B E0 14 31 29 78 31 
27 5C 32 24 40 33 21 24 34 1F 08 35 1D 6C 35 1C 
50 36 1A 34 37 18 18 38 17 7C 38 15 60 39 15 44 
3A 14 2E 3B 14 1B 3C 14 0E 3D 14 09 3E 14 0B 3F 
87 6A 00 40 32 38 3E 2A 70 3C 26 28 3B 21 60 39 
1E 18 38 1A 50 36 18 08 35 16 40 33 14 74 31 14 
17 30 14 22 2E 14 14 2C 14 66 29 14 13 27 14 14 
24 29 FF 2F 