v 480
Track0
00 FF 51 07 A1 20 00 C0 7B 02 B0 07 50 02 0A 28 
02 5B 19 0E FF 51 07 A1 20 14 FF 51 07 A1 20 8E 
76 90 34 64 87 40 92 61 FF 2F 

Track1
00 00 00 44 00 00 00 00 00 00 00 6E 00 00 00 CA 
00 00 01 9C 00 00 01 E7 00 00 00 00 00 00 00 00 
00 00 00 00 00 00 00 00 00 00 00 00 00 00 00 00 
00 00 00 00 00 00 00 00 00 00 00 00 00 00 00 00 
00 00 01 E0 00 FF 51 07 A1 20 00 C0 7B 02 B0 07 
50 02 0A 28 02 5B 19 0E FF 51 07 A1 20 14 FF 51 
07 A1 20 8E 76 90 34 64 87 40 92 61 FF 2F 


Track2
00 C2 5C 02 B2 07 46 02 0A 64 02 5B 40 18 92 3E 
75 81 16 81 20 40 73 81 16 81 20 43 73 81 16 81 
20 48 75 81 16 81 20 47 79 81 16 81 20 43 79 81 
16 81 20 40 79 81 16 81 20 42 75 81 16 81 20 45 
79 81 16 81 20 4A 77 81 16 81 20 49 6D FE 00 12 
07 3E 81 48 4C 7F 84 69 84 69 FF 2F 

Track3
00 C3 1A 02 B3 07 64 02 0A 28 02 5B 14 18 E3 02 
00 00 93 3C 78 87 2C 00 43 78 87 2C 5A E3 02 00 
40 4A 01 3A 12 03 33 5A 04 2F 22 06 2A 6A 07 27 
32 09 23 7A 0A 21 42 0C 1E 0A 0E 1C 52 0F 1A 1A 
11 18 62 12 17 2A 14 15 72 15 14 45 17 14 1E 19 
14 07 1B 14 00 1D 14 0C 1F 14 2C 21 14 65 23 14 
37 26 14 28 29 14 3B 2C 14 75 2F 14 5D 33 14 79 
37 14 52 3C 0D 00 40 33 00 40 05 93 45 78 87 2C 
00 3E 78 87 2C 82 2C E3 00 40 5A 48 41 49 10 43 
3C 58 44 33 20 46 2B 68 47 25 30 49 20 78 4A 1D 
40 4C 19 08 4E 16 50 4F 15 18 51 14 00 53 14 79 
54 14 12 57 14 51 59 14 40 5C 14 68 5F 01 00 60 
2E 00 40 0A 93 4C 78 92 60 00 53 7F 92 60 92 60 
FF 2F 

Track4
00 C4 31 02 B4 07 7D 02 0A 40 02 5B 0A 18 94 40 
78 8E 76 00 3E 77 87 36 00 37 76 87 36 00 30 7D 
87 36 87 40 42 78 87 36 00 39 77 87 36 00 32 78 
87 36 87 40 44 78 92 60 00 42 77 92 60 00 3B 75 
92 60 00 34 7F 92 60 92 60 FF 2F 

Track5
00 C5 5C 02 B5 07 3C 02 0A 14 02 5B 40 6D 95 FE 
01 79 3E FE 01 51 07 FE 01 3F 09 FF 2F 


Track6
00 00 00 44 00 00 00 00 00 00 00 6E 00 00 00 CA 
00 00 01 9C 00 00 01 E7 00 00 00 00 00 00 00 00 
00 00 00 00 00 00 00 00 00 00 00 00 00 00 00 00 
00 00 00 00 00 00 00 00 00 00 00 00 00 00 00 00 
00 00 01 E0 00 FF 51 07 A1 20 00 C0 7B 02 B0 07 
50 02 0A 28 02 5B 19 0E FF 51 07 A1 20 14 FF 51 
07 A1 20 8E 76 90 34 64 87 40 92 61 FF 2F 


Track7
00 00 00 44 00 00 00 00 00 00 00 6E 00 00 00 CA 
00 00 01 9C 00 00 01 E7 00 00 00 00 00 00 00 00 
00 00 00 00 00 00 00 00 00 00 00 00 00 00 00 00 
00 00 00 00 00 00 00 00 00 00 00 00 00 00 00 00 
00 00 01 E0 00 FF 51 07 A1 20 00 C0 7B 02 B0 07 
50 02 0A 28 02 5B 19 0E FF 51 07 A1 20 14 FF 51 
07 A1 20 8E 76 90 34 64 87 40 92 61 FF 2F 


Track8
00 00 00 44 00 00 00 00 00 00 00 6E 00 00 00 CA 
00 00 01 9C 00 00 01 E7 00 00 00 00 00 00 00 00 
00 00 00 00 00 00 00 00 00 00 00 00 00 00 00 00 
00 00 00 00 00 00 00 00 00 00 00 00 00 00 00 00 
00 00 01 E0 00 FF 51 07 A1 20 00 C0 7B 02 B0 07 
50 02 0A 28 02 5B 19 0E FF 51 07 A1 20 14 FF 51 
07 A1 20 8E 76 90 34 64 87 40 92 61 FF 2F 


Track9
00 00 00 44 00 00 00 00 00 00 00 6E 00 00 00 CA 
00 00 01 9C 00 00 01 E7 00 00 00 00 00 00 00 00 
00 00 00 00 00 00 00 00 00 00 00 00 00 00 00 00 
00 00 00 00 00 00 00 00 00 00 00 00 00 00 00 00 
00 00 01 E0 00 FF 51 07 A1 20 00 C0 7B 02 B0 07 
50 02 0A 28 02 5B 19 0E FF 51 07 A1 20 14 FF 51 
07 A1 20 8E 76 90 34 64 87 40 92 61 FF 2F 


Track10
00 00 00 44 00 00 00 00 00 00 00 6E 00 00 00 CA 
00 00 01 9C 00 00 01 E7 00 00 00 00 00 00 00 00 
00 00 00 00 00 00 00 00 00 00 00 00 00 00 00 00 
00 00 00 00 00 00 00 00 00 00 00 00 00 00 00 00 
00 00 01 E0 00 FF 51 07 A1 20 00 C0 7B 02 B0 07 
50 02 0A 28 02 5B 19 0E FF 51 07 A1 20 14 FF 51 
07 A1 20 8E 76 90 34 64 87 40 92 61 FF 2F 


Track11
00 00 00 44 00 00 00 00 00 00 00 6E 00 00 00 CA 
00 00 01 9C 00 00 01 E7 00 00 00 00 00 00 00 00 
00 00 00 00 00 00 00 00 00 00 00 00 00 00 00 00 
00 00 00 00 00 00 00 00 00 00 00 00 00 00 00 00 
00 00 01 E0 00 FF 51 07 A1 20 00 C0 7B 02 B0 07 
50 02 0A 28 02 5B 19 0E FF 51 07 A1 20 14 FF 51 
07 A1 20 8E 76 90 34 64 87 40 92 61 FF 2F 


Track12
00 00 00 44 00 00 00 00 00 00 00 6E 00 00 00 CA 
00 00 01 9C 00 00 01 E7 00 00 00 00 00 00 00 00 
00 00 00 00 00 00 00 00 00 00 00 00 00 00 00 00 
00 00 00 00 00 00 00 00 00 00 00 00 00 00 00 00 
00 00 01 E0 00 FF 51 07 A1 20 00 C0 7B 02 B0 07 
50 02 0A 28 02 5B 19 0E FF 51 07 A1 20 14 FF 51 
07 A1 20 8E 76 90 34 64 87 40 92 61 FF 2F 


Track13
00 00 00 44 00 00 00 00 00 00 00 6E 00 00 00 CA 
00 00 01 9C 00 00 01 E7 00 00 00 00 00 00 00 00 
00 00 00 00 00 00 00 00 00 00 00 00 00 00 00 00 
00 00 00 00 00 00 00 00 00 00 00 00 00 00 00 00 
00 00 01 E0 00 FF 51 07 A1 20 00 C0 7B 02 B0 07 
50 02 0A 28 02 5B 19 0E FF 51 07 A1 20 14 FF 51 
07 A1 20 8E 76 90 34 64 87 40 92 61 FF 2F 


Track14
00 00 00 44 00 00 00 00 00 00 00 6E 00 00 00 CA 
00 00 01 9C 00 00 01 E7 00 00 00 00 00 00 00 00 
00 00 00 00 00 00 00 00 00 00 00 00 00 00 00 00 
00 00 00 00 00 00 00 00 00 00 00 00 00 00 00 00 
00 00 01 E0 00 FF 51 07 A1 20 00 C0 7B 02 B0 07 
50 02 0A 28 02 5B 19 0E FF 51 07 A1 20 14 FF 51 
07 A1 20 8E 76 90 34 64 87 40 92 61 FF 2F 


Track15
00 00 00 44 00 00 00 00 00 00 00 6E 00 00 00 CA 
00 00 01 9C 00 00 01 E7 00 00 00 00 00 00 00 00 
00 00 00 00 00 00 00 00 00 00 00 00 00 00 00 00 
00 00 00 00 00 00 00 00 00 00 00 00 00 00 00 00 
00 00 01 E0 00 FF 51 07 A1 20 00 C0 7B 02 B0 07 
50 02 0A 28 02 5B 19 0E FF 51 07 A1 20 14 FF 51 
07 A1 20 8E 76 90 34 64 87 40 92 61 FF 2F 
