v 480
Track0
00 FF 51 01 24 F8 00 C0 5A 1E B0 07 5A 1E 0A 5A 
1E 5B 32 9D 26 FF 51 07 A1 20 00 90 42 5D 6E 78 
43 71 6E 78 47 73 6E 78 4A 74 6E 78 4E 75 6E 78 
4F 76 6E 78 53 69 6E 78 56 66 6E 78 5A 62 6E 78 
5B 5E 6E 78 5D 5A 8F 00 94 5B FF 2F 

Track1
00 C1 1E 1E B1 07 7F 1E 0A 40 1E 5B 00 9D 30 91 
1A 7F 9E 00 8E 12 B1 07 7F 14 07 7E 14 07 7D 14 
07 7C 14 07 7A 14 07 79 14 07 78 14 07 77 14 07 
75 14 07 74 14 07 73 14 07 72 14 07 70 14 07 6F 
14 07 6E 14 07 6D 14 07 6B 14 07 6A 14 07 69 14 
07 68 14 07 66 14 07 65 14 07 64 14 07 63 14 07 
61 14 07 60 14 07 5F 14 07 5E 14 07 5C 14 07 5B 
14 07 5A 14 07 59 14 07 57 14 07 56 14 07 55 14 
07 54 14 07 52 14 07 51 14 07 50 14 07 4F 14 07 
4D 14 07 4C 14 07 4B 14 07 4A 14 07 48 14 07 47 
14 07 46 14 07 45 14 07 43 14 07 42 14 07 41 14 
07 40 14 07 3E 14 07 3D 14 07 3C 14 07 3B 14 07 
39 14 07 38 14 07 37 14 07 36 14 07 34 14 07 33 
14 07 32 14 07 31 14 07 2F 14 07 2E 14 07 2D 14 
07 2C 14 07 2A 14 07 29 14 07 28 14 07 27 14 07 
25 14 07 24 14 07 23 14 07 22 14 07 20 14 07 1F 
14 07 1E 14 07 1D 14 07 1B 14 07 1A 14 07 19 14 
07 18 14 07 16 14 07 15 14 07 14 14 07 13 14 07 
11 14 07 10 14 07 0F 14 07 0E 14 07 0C 14 07 0B 
14 07 0A 14 07 09 13 07 07 6F FF 2F 

Track2
00 C2 34 1E B2 07 69 1E 0A 39 1E 5B 14 9D 30 92 
58 64 9E 00 00 51 6E 9E 00 00 4A 78 9E 00 8E 08 
B2 07 69 18 07 68 19 07 67 18 07 66 19 07 65 19 
07 64 18 07 63 19 07 62 18 07 61 19 07 60 19 07 
5F 18 07 5E 19 07 5D 18 07 5C 19 07 5B 19 07 5A 
18 07 59 19 07 58 19 07 57 18 07 56 19 07 55 18 
07 54 19 07 53 19 07 52 18 07 51 19 07 50 18 07 
4F 19 07 4E 19 07 4D 18 07 4C 19 07 4B 18 07 4A 
19 07 49 19 07 48 18 07 47 19 07 46 19 07 45 18 
07 44 19 07 43 18 07 42 19 07 41 19 07 40 18 07 
3F 19 07 3E 18 07 3D 19 07 3C 19 07 3B 18 07 3A 
19 07 39 19 07 38 18 07 37 19 07 36 18 07 35 19 
07 34 19 07 33 18 07 32 19 07 31 18 07 30 19 07 
2F 19 07 2E 18 07 2D 19 07 2C 18 07 2B 19 07 2A 
19 07 29 18 07 28 19 07 27 19 07 26 18 07 25 19 
07 24 18 07 23 19 07 22 19 07 21 18 07 20 19 07 
1F 18 07 1E 19 07 1D 19 07 1C 18 07 1B 19 07 1A 
19 07 19 47 FF 2F 

Track3
00 C3 5C 1E B3 07 41 1E 0A 2D 1E 5B 40 9D 26 93 
36 5D 6E 78 37 71 6E 78 3B 73 6E 78 3E 74 6E 78 
42 75 6E 78 43 76 6E 78 47 69 6E 78 4A 66 6E 78 
4E 62 6E 78 4F 5E 6E 78 51 50 81 48 81 70 45 41 
46 48 4A 3C 48 48 4C 37 48 48 51 33 48 48 45 2F 
48 48 4A 2B 48 48 4C 28 48 48 51 25 48 48 45 22 
48 48 4A 1F 48 48 4C 1C 48 48 51 1A 48 48 45 18 
48 48 4A 16 48 48 4C 14 48 48 51 12 48 48 45 10 
48 48 4A 0F 48 48 4C 0D 48 48 51 0C 48 48 45 0A 
48 48 4A 09 48 48 4C 08 48 48 51 07 48 48 45 06 
48 48 4A 04 48 48 4C 03 48 48 51 02 48 48 45 01 
48 48 FF 2F 

Track4
00 C4 5C 1E B4 07 32 1E 0A 5A 1E 5B 40 9E 46 94 
FE 00 B4 29 5A 81 48 81 70 39 41 48 48 3E 3C 48 
48 40 37 48 48 45 33 48 48 39 2F 48 48 3E 2B 48 
48 40 28 48 48 45 25 48 48 39 22 48 48 3E 1F 48 
48 40 1C 48 48 45 1A 48 48 39 18 48 48 3E 16 48 
48 40 14 48 48 45 12 48 48 39 10 48 48 3E 0F 48 
48 40 0D 48 48 45 0C 48 48 39 0A 48 48 3E 09 48 
48 40 08 48 48 45 07 48 48 39 06 48 48 3E 04 48 
48 40 03 48 48 45 02 48 48 39 01 48 48 FF 2F 


Track5
00 C5 2E 1E B5 07 7F 1E 0A 28 1E 5B 40 9D 26 95 
3E 5D 9A 20 9A 20 FF 2F 

Track6
00 00 00 44 00 00 00 90 00 00 01 CC 00 00 02 E2 
00 00 03 96 00 00 04 25 00 00 00 00 00 00 00 00 
00 00 00 00 00 00 00 00 00 00 00 00 00 00 00 00 
00 00 00 00 00 00 00 00 00 00 00 00 00 00 00 00 
00 00 01 E0 00 FF 51 01 24 F8 00 C0 5A 1E B0 07 
5A 1E 0A 5A 1E 5B 32 9D 26 FF 51 07 A1 20 00 90 
42 5D 6E 78 43 71 6E 78 47 73 6E 78 4A 74 6E 78 
4E 75 6E 78 4F 76 6E 78 53 69 6E 78 56 66 6E 78 
5A 62 6E 78 5B 5E 6E 78 5D 5A 8F 00 94 5B FF 2F 


Track7
00 00 00 44 00 00 00 90 00 00 01 CC 00 00 02 E2 
00 00 03 96 00 00 04 25 00 00 00 00 00 00 00 00 
00 00 00 00 00 00 00 00 00 00 00 00 00 00 00 00 
00 00 00 00 00 00 00 00 00 00 00 00 00 00 00 00 
00 00 01 E0 00 FF 51 01 24 F8 00 C0 5A 1E B0 07 
5A 1E 0A 5A 1E 5B 32 9D 26 FF 51 07 A1 20 00 90 
42 5D 6E 78 43 71 6E 78 47 73 6E 78 4A 74 6E 78 
4E 75 6E 78 4F 76 6E 78 53 69 6E 78 56 66 6E 78 
5A 62 6E 78 5B 5E 6E 78 5D 5A 8F 00 94 5B FF 2F 


Track8
00 00 00 44 00 00 00 90 00 00 01 CC 00 00 02 E2 
00 00 03 96 00 00 04 25 00 00 00 00 00 00 00 00 
00 00 00 00 00 00 00 00 00 00 00 00 00 00 00 00 
00 00 00 00 00 00 00 00 00 00 00 00 00 00 00 00 
00 00 01 E0 00 FF 51 01 24 F8 00 C0 5A 1E B0 07 
5A 1E 0A 5A 1E 5B 32 9D 26 FF 51 07 A1 20 00 90 
42 5D 6E 78 43 71 6E 78 47 73 6E 78 4A 74 6E 78 
4E 75 6E 78 4F 76 6E 78 53 69 6E 78 56 66 6E 78 
5A 62 6E 78 5B 5E 6E 78 5D 5A 8F 00 94 5B FF 2F 


Track9
00 00 00 44 00 00 00 90 00 00 01 CC 00 00 02 E2 
00 00 03 96 00 00 04 25 00 00 00 00 00 00 00 00 
00 00 00 00 00 00 00 00 00 00 00 00 00 00 00 00 
00 00 00 00 00 00 00 00 00 00 00 00 00 00 00 00 
00 00 01 E0 00 FF 51 01 24 F8 00 C0 5A 1E B0 07 
5A 1E 0A 5A 1E 5B 32 9D 26 FF 51 07 A1 20 00 90 
42 5D 6E 78 43 71 6E 78 47 73 6E 78 4A 74 6E 78 
4E 75 6E 78 4F 76 6E 78 53 69 6E 78 56 66 6E 78 
5A 62 6E 78 5B 5E 6E 78 5D 5A 8F 00 94 5B FF 2F 


Track10
00 00 00 44 00 00 00 90 00 00 01 CC 00 00 02 E2 
00 00 03 96 00 00 04 25 00 00 00 00 00 00 00 00 
00 00 00 00 00 00 00 00 00 00 00 00 00 00 00 00 
00 00 00 00 00 00 00 00 00 00 00 00 00 00 00 00 
00 00 01 E0 00 FF 51 01 24 F8 00 C0 5A 1E B0 07 
5A 1E 0A 5A 1E 5B 32 9D 26 FF 51 07 A1 20 00 90 
42 5D 6E 78 43 71 6E 78 47 73 6E 78 4A 74 6E 78 
4E 75 6E 78 4F 76 6E 78 53 69 6E 78 56 66 6E 78 
5A 62 6E 78 5B 5E 6E 78 5D 5A 8F 00 94 5B FF 2F 


Track11
00 00 00 44 00 00 00 90 00 00 01 CC 00 00 02 E2 
00 00 03 96 00 00 04 25 00 00 00 00 00 00 00 00 
00 00 00 00 00 00 00 00 00 00 00 00 00 00 00 00 
00 00 00 00 00 00 00 00 00 00 00 00 00 00 00 00 
00 00 01 E0 00 FF 51 01 24 F8 00 C0 5A 1E B0 07 
5A 1E 0A 5A 1E 5B 32 9D 26 FF 51 07 A1 20 00 90 
42 5D 6E 78 43 71 6E 78 47 73 6E 78 4A 74 6E 78 
4E 75 6E 78 4F 76 6E 78 53 69 6E 78 56 66 6E 78 
5A 62 6E 78 5B 5E 6E 78 5D 5A 8F 00 94 5B FF 2F 


Track12
00 00 00 44 00 00 00 90 00 00 01 CC 00 00 02 E2 
00 00 03 96 00 00 04 25 00 00 00 00 00 00 00 00 
00 00 00 00 00 00 00 00 00 00 00 00 00 00 00 00 
00 00 00 00 00 00 00 00 00 00 00 00 00 00 00 00 
00 00 01 E0 00 FF 51 01 24 F8 00 C0 5A 1E B0 07 
5A 1E 0A 5A 1E 5B 32 9D 26 FF 51 07 A1 20 00 90 
42 5D 6E 78 43 71 6E 78 47 73 6E 78 4A 74 6E 78 
4E 75 6E 78 4F 76 6E 78 53 69 6E 78 56 66 6E 78 
5A 62 6E 78 5B 5E 6E 78 5D 5A 8F 00 94 5B FF 2F 


Track13
00 00 00 44 00 00 00 90 00 00 01 CC 00 00 02 E2 
00 00 03 96 00 00 04 25 00 00 00 00 00 00 00 00 
00 00 00 00 00 00 00 00 00 00 00 00 00 00 00 00 
00 00 00 00 00 00 00 00 00 00 00 00 00 00 00 00 
00 00 01 E0 00 FF 51 01 24 F8 00 C0 5A 1E B0 07 
5A 1E 0A 5A 1E 5B 32 9D 26 FF 51 07 A1 20 00 90 
42 5D 6E 78 43 71 6E 78 47 73 6E 78 4A 74 6E 78 
4E 75 6E 78 4F 76 6E 78 53 69 6E 78 56 66 6E 78 
5A 62 6E 78 5B 5E 6E 78 5D 5A 8F 00 94 5B FF 2F 


Track14
00 00 00 44 00 00 00 90 00 00 01 CC 00 00 02 E2 
00 00 03 96 00 00 04 25 00 00 00 00 00 00 00 00 
00 00 00 00 00 00 00 00 00 00 00 00 00 00 00 00 
00 00 00 00 00 00 00 00 00 00 00 00 00 00 00 00 
00 00 01 E0 00 FF 51 01 24 F8 00 C0 5A 1E B0 07 
5A 1E 0A 5A 1E 5B 32 9D 26 FF 51 07 A1 20 00 90 
42 5D 6E 78 43 71 6E 78 47 73 6E 78 4A 74 6E 78 
4E 75 6E 78 4F 76 6E 78 53 69 6E 78 56 66 6E 78 
5A 62 6E 78 5B 5E 6E 78 5D 5A 8F 00 94 5B FF 2F 


Track15
00 00 00 44 00 00 00 90 00 00 01 CC 00 00 02 E2 
00 00 03 96 00 00 04 25 00 00 00 00 00 00 00 00 
00 00 00 00 00 00 00 00 00 00 00 00 00 00 00 00 
00 00 00 00 00 00 00 00 00 00 00 00 00 00 00 00 
00 00 01 E0 00 FF 51 01 24 F8 00 C0 5A 1E B0 07 
5A 1E 0A 5A 1E 5B 32 9D 26 FF 51 07 A1 20 00 90 
42 5D 6E 78 43 71 6E 78 47 73 6E 78 4A 74 6E 78 
4E 75 6E 78 4F 76 6E 78 53 69 6E 78 56 66 6E 78 
5A 62 6E 78 5B 5E 6E 78 5D 5A 8F 00 94 5B FF 2F 
