v 480
Track0
00 FF 51 07 A1 20 00 C0 10 02 B0 07 7F 02 0A 50 
02 5B 14 0E FF 51 06 D3 88 0A 90 48 5F 81 5C 0A 
FF 51 06 05 F0 81 66 90 47 5D 64 78 45 5D 64 78 
43 59 64 78 41 5F 64 78 40 5F 64 78 3E 5B 64 78 
30 7F 81 5C 81 70 2F 7F 64 78 2D 7F 64 78 2B 7F 
64 78 29 7F 64 78 28 7F 64 78 26 7F 64 78 34 61 
81 20 00 37 57 81 20 00 3C 57 81 20 83 60 3F 61 
81 66 00 33 51 81 66 00 3E 61 81 66 00 32 53 81 
66 82 55 FF 2F 

Track1
00 C1 1E 02 B1 07 78 02 0A 3C 02 5B 14 87 58 91 
24 7F 81 5C 81 70 23 7F 64 78 21 7D 64 78 1F 77 
64 78 1D 7D 64 78 1C 7F 64 78 1A 7F 64 78 18 7F 
81 70 83 60 1B 7F 81 70 81 70 FF 2F 

Track2
00 00 00 44 00 00 00 C9 00 00 00 00 00 00 01 05 
00 00 01 33 00 00 01 6F 00 00 00 00 00 00 00 00 
00 00 00 00 00 00 00 00 00 00 00 00 00 00 00 00 
00 00 00 00 00 00 00 00 00 00 00 00 00 00 00 00 
00 00 01 E0 00 FF 51 07 A1 20 00 C0 10 02 B0 07 
7F 02 0A 50 02 5B 14 0E FF 51 06 D3 88 0A 90 48 
5F 81 5C 0A FF 51 06 05 F0 81 66 90 47 5D 64 78 
45 5D 64 78 43 59 64 78 41 5F 64 78 40 5F 64 78 
3E 5B 64 78 30 7F 81 5C 81 70 2F 7F 64 78 2D 7F 
64 78 2B 7F 64 78 29 7F 64 78 28 7F 64 78 26 7F 
64 78 34 61 81 20 00 37 57 81 20 00 3C 57 81 20 
83 60 3F 61 81 66 00 33 51 81 66 00 3E 61 81 66 
00 32 53 81 66 82 55 FF 2F 

Track3
00 C3 78 02 B3 07 7D 02 0A 40 02 5B 0A 18 93 24 
78 64 87 40 24 7F 64 81 70 24 5F 64 83 60 24 69 
64 81 70 24 78 64 83 60 24 64 64 64 FF 2F 


Track4
00 C4 79 02 B4 07 64 02 0A 40 02 5B 14 18 94 29 
64 64 85 50 29 64 64 82 68 26 5B 64 78 29 64 64 
78 26 45 FE 00 BE 07 4C 64 78 29 64 64 50 26 5B 
46 50 26 6D 46 50 26 7F 64 64 FF 2F 

Track5
00 C5 7A 02 B5 07 50 02 0A 78 02 5B 1E 18 95 2E 
5A 64 81 70 2A 3C 64 78 2A 50 64 78 2E 6E 64 81 
70 2A 3C 64 78 2A 50 64 78 2E 5A 64 81 70 2A 3C 
64 78 2A 50 64 78 2E 6E FE 00 27 0C 64 64 81 70 
2A 3C 64 81 70 2E 71 64 81 70 2A 3C 64 64 FF 2F 


Track6
00 00 00 44 00 00 00 C9 00 00 00 00 00 00 01 05 
00 00 01 33 00 00 01 6F 00 00 00 00 00 00 00 00 
00 00 00 00 00 00 00 00 00 00 00 00 00 00 00 00 
00 00 00 00 00 00 00 00 00 00 00 00 00 00 00 00 
00 00 01 E0 00 FF 51 07 A1 20 00 C0 10 02 B0 07 
7F 02 0A 50 02 5B 14 0E FF 51 06 D3 88 0A 90 48 
5F 81 5C 0A FF 51 06 05 F0 81 66 90 47 5D 64 78 
45 5D 64 78 43 59 64 78 41 5F 64 78 40 5F 64 78 
3E 5B 64 78 30 7F 81 5C 81 70 2F 7F 64 78 2D 7F 
64 78 2B 7F 64 78 29 7F 64 78 28 7F 64 78 26 7F 
64 78 34 61 81 20 00 37 57 81 20 00 3C 57 81 20 
83 60 3F 61 81 66 00 33 51 81 66 00 3E 61 81 66 
00 32 53 81 66 82 55 FF 2F 

Track7
00 00 00 44 00 00 00 C9 00 00 00 00 00 00 01 05 
00 00 01 33 00 00 01 6F 00 00 00 00 00 00 00 00 
00 00 00 00 00 00 00 00 00 00 00 00 00 00 00 00 
00 00 00 00 00 00 00 00 00 00 00 00 00 00 00 00 
00 00 01 E0 00 FF 51 07 A1 20 00 C0 10 02 B0 07 
7F 02 0A 50 02 5B 14 0E FF 51 06 D3 88 0A 90 48 
5F 81 5C 0A FF 51 06 05 F0 81 66 90 47 5D 64 78 
45 5D 64 78 43 59 64 78 41 5F 64 78 40 5F 64 78 
3E 5B 64 78 30 7F 81 5C 81 70 2F 7F 64 78 2D 7F 
64 78 2B 7F 64 78 29 7F 64 78 28 7F 64 78 26 7F 
64 78 34 61 81 20 00 37 57 81 20 00 3C 57 81 20 
83 60 3F 61 81 66 00 33 51 81 66 00 3E 61 81 66 
00 32 53 81 66 82 55 FF 2F 

Track8
00 00 00 44 00 00 00 C9 00 00 00 00 00 00 01 05 
00 00 01 33 00 00 01 6F 00 00 00 00 00 00 00 00 
00 00 00 00 00 00 00 00 00 00 00 00 00 00 00 00 
00 00 00 00 00 00 00 00 00 00 00 00 00 00 00 00 
00 00 01 E0 00 FF 51 07 A1 20 00 C0 10 02 B0 07 
7F 02 0A 50 02 5B 14 0E FF 51 06 D3 88 0A 90 48 
5F 81 5C 0A FF 51 06 05 F0 81 66 90 47 5D 64 78 
45 5D 64 78 43 59 64 78 41 5F 64 78 40 5F 64 78 
3E 5B 64 78 30 7F 81 5C 81 70 2F 7F 64 78 2D 7F 
64 78 2B 7F 64 78 29 7F 64 78 28 7F 64 78 26 7F 
64 78 34 61 81 20 00 37 57 81 20 00 3C 57 81 20 
83 60 3F 61 81 66 00 33 51 81 66 00 3E 61 81 66 
00 32 53 81 66 82 55 FF 2F 

Track9
00 00 00 44 00 00 00 C9 00 00 00 00 00 00 01 05 
00 00 01 33 00 00 01 6F 00 00 00 00 00 00 00 00 
00 00 00 00 00 00 00 00 00 00 00 00 00 00 00 00 
00 00 00 00 00 00 00 00 00 00 00 00 00 00 00 00 
00 00 01 E0 00 FF 51 07 A1 20 00 C0 10 02 B0 07 
7F 02 0A 50 02 5B 14 0E FF 51 06 D3 88 0A 90 48 
5F 81 5C 0A FF 51 06 05 F0 81 66 90 47 5D 64 78 
45 5D 64 78 43 59 64 78 41 5F 64 78 40 5F 64 78 
3E 5B 64 78 30 7F 81 5C 81 70 2F 7F 64 78 2D 7F 
64 78 2B 7F 64 78 29 7F 64 78 28 7F 64 78 26 7F 
64 78 34 61 81 20 00 37 57 81 20 00 3C 57 81 20 
83 60 3F 61 81 66 00 33 51 81 66 00 3E 61 81 66 
00 32 53 81 66 82 55 FF 2F 

Track10
00 00 00 44 00 00 00 C9 00 00 00 00 00 00 01 05 
00 00 01 33 00 00 01 6F 00 00 00 00 00 00 00 00 
00 00 00 00 00 00 00 00 00 00 00 00 00 00 00 00 
00 00 00 00 00 00 00 00 00 00 00 00 00 00 00 00 
00 00 01 E0 00 FF 51 07 A1 20 00 C0 10 02 B0 07 
7F 02 0A 50 02 5B 14 0E FF 51 06 D3 88 0A 90 48 
5F 81 5C 0A FF 51 06 05 F0 81 66 90 47 5D 64 78 
45 5D 64 78 43 59 64 78 41 5F 64 78 40 5F 64 78 
3E 5B 64 78 30 7F 81 5C 81 70 2F 7F 64 78 2D 7F 
64 78 2B 7F 64 78 29 7F 64 78 28 7F 64 78 26 7F 
64 78 34 61 81 20 00 37 57 81 20 00 3C 57 81 20 
83 60 3F 61 81 66 00 33 51 81 66 00 3E 61 81 66 
00 32 53 81 66 82 55 FF 2F 

Track11
00 00 00 44 00 00 00 C9 00 00 00 00 00 00 01 05 
00 00 01 33 00 00 01 6F 00 00 00 00 00 00 00 00 
00 00 00 00 00 00 00 00 00 00 00 00 00 00 00 00 
00 00 00 00 00 00 00 00 00 00 00 00 00 00 00 00 
00 00 01 E0 00 FF 51 07 A1 20 00 C0 10 02 B0 07 
7F 02 0A 50 02 5B 14 0E FF 51 06 D3 88 0A 90 48 
5F 81 5C 0A FF 51 06 05 F0 81 66 90 47 5D 64 78 
45 5D 64 78 43 59 64 78 41 5F 64 78 40 5F 64 78 
3E 5B 64 78 30 7F 81 5C 81 70 2F 7F 64 78 2D 7F 
64 78 2B 7F 64 78 29 7F 64 78 28 7F 64 78 26 7F 
64 78 34 61 81 20 00 37 57 81 20 00 3C 57 81 20 
83 60 3F 61 81 66 00 33 51 81 66 00 3E 61 81 66 
00 32 53 81 66 82 55 FF 2F 

Track12
00 00 00 44 00 00 00 C9 00 00 00 00 00 00 01 05 
00 00 01 33 00 00 01 6F 00 00 00 00 00 00 00 00 
00 00 00 00 00 00 00 00 00 00 00 00 00 00 00 00 
00 00 00 00 00 00 00 00 00 00 00 00 00 00 00 00 
00 00 01 E0 00 FF 51 07 A1 20 00 C0 10 02 B0 07 
7F 02 0A 50 02 5B 14 0E FF 51 06 D3 88 0A 90 48 
5F 81 5C 0A FF 51 06 05 F0 81 66 90 47 5D 64 78 
45 5D 64 78 43 59 64 78 41 5F 64 78 40 5F 64 78 
3E 5B 64 78 30 7F 81 5C 81 70 2F 7F 64 78 2D 7F 
64 78 2B 7F 64 78 29 7F 64 78 28 7F 64 78 26 7F 
64 78 34 61 81 20 00 37 57 81 20 00 3C 57 81 20 
83 60 3F 61 81 66 00 33 51 81 66 00 3E 61 81 66 
00 32 53 81 66 82 55 FF 2F 

Track13
00 00 00 44 00 00 00 C9 00 00 00 00 00 00 01 05 
00 00 01 33 00 00 01 6F 00 00 00 00 00 00 00 00 
00 00 00 00 00 00 00 00 00 00 00 00 00 00 00 00 
00 00 00 00 00 00 00 00 00 00 00 00 00 00 00 00 
00 00 01 E0 00 FF 51 07 A1 20 00 C0 10 02 B0 07 
7F 02 0A 50 02 5B 14 0E FF 51 06 D3 88 0A 90 48 
5F 81 5C 0A FF 51 06 05 F0 81 66 90 47 5D 64 78 
45 5D 64 78 43 59 64 78 41 5F 64 78 40 5F 64 78 
3E 5B 64 78 30 7F 81 5C 81 70 2F 7F 64 78 2D 7F 
64 78 2B 7F 64 78 29 7F 64 78 28 7F 64 78 26 7F 
64 78 34 61 81 20 00 37 57 81 20 00 3C 57 81 20 
83 60 3F 61 81 66 00 33 51 81 66 00 3E 61 81 66 
00 32 53 81 66 82 55 FF 2F 

Track14
00 00 00 44 00 00 00 C9 00 00 00 00 00 00 01 05 
00 00 01 33 00 00 01 6F 00 00 00 00 00 00 00 00 
00 00 00 00 00 00 00 00 00 00 00 00 00 00 00 00 
00 00 00 00 00 00 00 00 00 00 00 00 00 00 00 00 
00 00 01 E0 00 FF 51 07 A1 20 00 C0 10 02 B0 07 
7F 02 0A 50 02 5B 14 0E FF 51 06 D3 88 0A 90 48 
5F 81 5C 0A FF 51 06 05 F0 81 66 90 47 5D 64 78 
45 5D 64 78 43 59 64 78 41 5F 64 78 40 5F 64 78 
3E 5B 64 78 30 7F 81 5C 81 70 2F 7F 64 78 2D 7F 
64 78 2B 7F 64 78 29 7F 64 78 28 7F 64 78 26 7F 
64 78 34 61 81 20 00 37 57 81 20 00 3C 57 81 20 
83 60 3F 61 81 66 00 33 51 81 66 00 3E 61 81 66 
00 32 53 81 66 82 55 FF 2F 

Track15
00 00 00 44 00 00 00 C9 00 00 00 00 00 00 01 05 
00 00 01 33 00 00 01 6F 00 00 00 00 00 00 00 00 
00 00 00 00 00 00 00 00 00 00 00 00 00 00 00 00 
00 00 00 00 00 00 00 00 00 00 00 00 00 00 00 00 
00 00 01 E0 00 FF 51 07 A1 20 00 C0 10 02 B0 07 
7F 02 0A 50 02 5B 14 0E FF 51 06 D3 88 0A 90 48 
5F 81 5C 0A FF 51 06 05 F0 81 66 90 47 5D 64 78 
45 5D 64 78 43 59 64 78 41 5F 64 78 40 5F 64 78 
3E 5B 64 78 30 7F 81 5C 81 70 2F 7F 64 78 2D 7F 
64 78 2B 7F 64 78 29 7F 64 78 28 7F 64 78 26 7F 
64 78 34 61 81 20 00 37 57 81 20 00 3C 57 81 20 
83 60 3F 61 81 66 00 33 51 81 66 00 3E 61 81 66 
00 32 53 81 66 82 55 FF 2F 