v 480
Track0
00 FF 51 07 A1 20 00 C0 7B 02 B0 07 6E 02 0A 37 
02 5B 1E 0E FF 51 07 56 01 0A 90 34 7F 87 40 0A 
FF 51 07 0A E2 96 36 90 34 7F 87 40 8B 21 FF 2F 


Track1
00 C1 79 02 B1 07 7F 02 0A 28 02 5B 14 18 91 25 
78 83 5C 83 60 25 79 50 81 20 25 75 50 81 20 25 
77 50 81 20 25 78 83 54 FE 00 15 08 7B 50 81 20 
25 71 50 81 20 25 78 83 5A 83 60 25 7D 50 81 20 
25 7B 50 81 20 25 79 50 81 20 25 7F 8B 20 8B 20 
FF 2F 

Track2
00 C2 02 02 B2 07 6E 02 0A 4B 02 5B 0F 18 92 4C 
73 50 00 4F 73 50 00 54 73 50 81 20 4C 6F 28 00 
4F 6F 28 00 54 6F 28 50 4C 79 3C 00 4F 79 3C 00 
54 79 3C 50 4C 7D 50 00 4F 7D 50 00 54 7D 50 81 
20 4C 73 64 00 4F 73 64 00 54 73 64 81 20 48 6F 
78 00 4B 6F 78 00 50 6F 78 81 20 4A 77 78 00 4D 
77 78 00 52 77 78 81 20 4C 77 50 00 4F 77 50 00 
54 77 50 81 20 4C 75 28 00 4F 75 28 00 54 75 28 
50 4C 71 3C 00 4F 71 3C 00 54 71 3C 50 4C 75 50 
00 4F 75 50 00 54 75 50 81 20 4E 73 64 00 51 73 
64 00 56 73 64 81 20 4C 77 78 00 4F 77 78 00 54 
77 78 81 20 4E 77 81 0C 00 51 77 81 0C 00 56 77 
81 0C 81 20 4F 75 50 00 52 75 50 00 57 75 50 81 
20 4F 6B 28 00 52 6B 28 00 57 6B 28 50 4F 73 3C 
00 52 73 3C 00 57 73 3C 50 4F 6F 50 00 52 6F 50 
00 57 6F 50 81 20 51 73 64 00 54 73 64 00 59 73 
64 81 20 4F 6B 78 00 52 6B 78 00 57 6B 78 81 20 
51 79 81 0C 00 54 79 81 0C 00 59 79 81 0C 81 20 
53 7F 8B 20 00 56 7F 8B 20 00 5B 7F 8B 20 8B 20 
FF 2F 

Track3
00 C3 1C 02 B3 07 75 02 0A 40 02 5B 0F 18 93 24 
7D 83 10 83 60 24 7B 64 81 20 20 7B 78 81 20 22 
7F 81 0C 81 20 24 7F 83 10 83 60 26 79 64 81 20 
24 77 78 81 20 26 79 81 0C 81 20 27 77 83 10 83 
60 29 7F 64 81 20 27 79 78 81 20 29 7D 81 0C 81 
20 2B 7F 8B 20 8B 20 FF 2F 

Track4
00 C4 3C 02 B4 07 69 02 0A 39 02 5B 0F 18 94 3C 
7D 83 10 00 37 7D 83 10 83 60 3C 7B 64 00 37 7B 
64 81 20 38 7B 78 00 33 7B 78 81 20 3A 7F 81 0C 
00 35 7F 81 0C 81 20 3C 7F 83 10 00 37 7F 83 10 
83 60 3E 79 64 00 39 79 64 81 20 3C 77 78 00 37 
77 78 81 20 3E 79 81 0C 00 39 79 81 0C 81 20 3F 
77 83 10 00 3A 77 83 10 83 60 41 7F 64 00 3C 7F 
64 81 20 3F 79 78 00 3A 79 78 81 20 41 7D 81 0C 
00 3C 7D 81 0C 81 20 43 7F 8B 20 00 3E 7F 8B 20 
8B 20 FF 2F 

Track5
00 C5 00 02 B5 07 7D 02 0A 40 02 5B 1E 18 95 48 
7F 83 56 83 60 48 7F 81 16 81 20 44 7F 81 16 81 
20 46 7F 81 16 81 20 48 7F 83 56 83 60 4A 7F 81 
16 81 20 48 7F 81 16 81 20 4A 7F 81 16 81 20 4B 
7F 83 56 83 60 4D 7F 81 16 81 20 4B 7F 81 16 81 
20 4D 7F 81 16 81 20 43 7F 87 40 00 4F 7F 87 40 
87 40 FF 2F 

Track6
00 C6 2E 02 B6 07 7F 02 0A 46 02 5B 1E 92 78 96 
43 7F 8B 20 8B 20 FF 2F 

Track7
00 00 00 44 00 00 00 74 00 00 00 C6 00 00 01 F8 
00 00 02 51 00 00 02 E5 00 00 03 49 00 00 00 00 
00 00 00 00 00 00 00 00 00 00 00 00 00 00 00 00 
00 00 00 00 00 00 00 00 00 00 00 00 00 00 00 00 
00 00 01 E0 00 FF 51 07 A1 20 00 C0 7B 02 B0 07 
6E 02 0A 37 02 5B 1E 0E FF 51 07 56 01 0A 90 34 
7F 87 40 0A FF 51 07 0A E2 96 36 90 34 7F 87 40 
8B 21 FF 2F 

Track8
00 00 00 44 00 00 00 74 00 00 00 C6 00 00 01 F8 
00 00 02 51 00 00 02 E5 00 00 03 49 00 00 00 00 
00 00 00 00 00 00 00 00 00 00 00 00 00 00 00 00 
00 00 00 00 00 00 00 00 00 00 00 00 00 00 00 00 
00 00 01 E0 00 FF 51 07 A1 20 00 C0 7B 02 B0 07 
6E 02 0A 37 02 5B 1E 0E FF 51 07 56 01 0A 90 34 
7F 87 40 0A FF 51 07 0A E2 96 36 90 34 7F 87 40 
8B 21 FF 2F 

Track9
00 00 00 44 00 00 00 74 00 00 00 C6 00 00 01 F8 
00 00 02 51 00 00 02 E5 00 00 03 49 00 00 00 00 
00 00 00 00 00 00 00 00 00 00 00 00 00 00 00 00 
00 00 00 00 00 00 00 00 00 00 00 00 00 00 00 00 
00 00 01 E0 00 FF 51 07 A1 20 00 C0 7B 02 B0 07 
6E 02 0A 37 02 5B 1E 0E FF 51 07 56 01 0A 90 34 
7F 87 40 0A FF 51 07 0A E2 96 36 90 34 7F 87 40 
8B 21 FF 2F 

Track10
00 00 00 44 00 00 00 74 00 00 00 C6 00 00 01 F8 
00 00 02 51 00 00 02 E5 00 00 03 49 00 00 00 00 
00 00 00 00 00 00 00 00 00 00 00 00 00 00 00 00 
00 00 00 00 00 00 00 00 00 00 00 00 00 00 00 00 
00 00 01 E0 00 FF 51 07 A1 20 00 C0 7B 02 B0 07 
6E 02 0A 37 02 5B 1E 0E FF 51 07 56 01 0A 90 34 
7F 87 40 0A FF 51 07 0A E2 96 36 90 34 7F 87 40 
8B 21 FF 2F 

Track11
00 00 00 44 00 00 00 74 00 00 00 C6 00 00 01 F8 
00 00 02 51 00 00 02 E5 00 00 03 49 00 00 00 00 
00 00 00 00 00 00 00 00 00 00 00 00 00 00 00 00 
00 00 00 00 00 00 00 00 00 00 00 00 00 00 00 00 
00 00 01 E0 00 FF 51 07 A1 20 00 C0 7B 02 B0 07 
6E 02 0A 37 02 5B 1E 0E FF 51 07 56 01 0A 90 34 
7F 87 40 0A FF 51 07 0A E2 96 36 90 34 7F 87 40 
8B 21 FF 2F 

Track12
00 00 00 44 00 00 00 74 00 00 00 C6 00 00 01 F8 
00 00 02 51 00 00 02 E5 00 00 03 49 00 00 00 00 
00 00 00 00 00 00 00 00 00 00 00 00 00 00 00 00 
00 00 00 00 00 00 00 00 00 00 00 00 00 00 00 00 
00 00 01 E0 00 FF 51 07 A1 20 00 C0 7B 02 B0 07 
6E 02 0A 37 02 5B 1E 0E FF 51 07 56 01 0A 90 34 
7F 87 40 0A FF 51 07 0A E2 96 36 90 34 7F 87 40 
8B 21 FF 2F 

Track13
00 00 00 44 00 00 00 74 00 00 00 C6 00 00 01 F8 
00 00 02 51 00 00 02 E5 00 00 03 49 00 00 00 00 
00 00 00 00 00 00 00 00 00 00 00 00 00 00 00 00 
00 00 00 00 00 00 00 00 00 00 00 00 00 00 00 00 
00 00 01 E0 00 FF 51 07 A1 20 00 C0 7B 02 B0 07 
6E 02 0A 37 02 5B 1E 0E FF 51 07 56 01 0A 90 34 
7F 87 40 0A FF 51 07 0A E2 96 36 90 34 7F 87 40 
8B 21 FF 2F 

Track14
00 00 00 44 00 00 00 74 00 00 00 C6 00 00 01 F8 
00 00 02 51 00 00 02 E5 00 00 03 49 00 00 00 00 
00 00 00 00 00 00 00 00 00 00 00 00 00 00 00 00 
00 00 00 00 00 00 00 00 00 00 00 00 00 00 00 00 
00 00 01 E0 00 FF 51 07 A1 20 00 C0 7B 02 B0 07 
6E 02 0A 37 02 5B 1E 0E FF 51 07 56 01 0A 90 34 
7F 87 40 0A FF 51 07 0A E2 96 36 90 34 7F 87 40 
8B 21 FF 2F 

Track15
00 00 00 44 00 00 00 74 00 00 00 C6 00 00 01 F8 
00 00 02 51 00 00 02 E5 00 00 03 49 00 00 00 00 
00 00 00 00 00 00 00 00 00 00 00 00 00 00 00 00 
00 00 00 00 00 00 00 00 00 00 00 00 00 00 00 00 
00 00 01 E0 00 FF 51 07 A1 20 00 C0 7B 02 B0 07 
6E 02 0A 37 02 5B 1E 0E FF 51 07 56 01 0A 90 34 
7F 87 40 0A FF 51 07 0A E2 96 36 90 34 7F 87 40 
8B 21 FF 2F 